
*****************************
* RMS Statistics Calculator *
*****************************

The level of detail in this report has been set to => 2 (full detail)

############ Data selection ############

xxxxxxxxxxxxxxxxxxxxxxxxxxxxxxxxxxxxxxxx
Resolved selection: (1A1T) and (resn A+G+C+U)
States inspected: 25
Atoms selected:
  All: 649
  Heavy (no H): 432
xxxxxxxxxxxxxxxxxxxxxxxxxxxxxxxxxxxxxxxx

########################################

======================== RMS Summary ========================
Mode              #atoms   #values       mean         sd
------------------------------------------------------------
All atoms            649       600      1.192      0.316
Heavy atoms          432       600      1.167      0.319
------------------------------------------------------------
Average RMS per state (showing NaN where unavailable):

All atoms:
State     Mean RMS     #pairs
----------------------------------
    1        1.145         24
    2        1.327         24
    3        1.151         24
    4        1.376         24
    5        1.015         24
    6        1.214         24
    7        1.068         24
    8        1.101         24
    9        1.532         24
   10        1.044         24
   11        1.351         24
   12        1.640         24
   13        1.024         24
   14        1.339         24
   15        1.223         24
   16        1.146         24
   17        1.063         24
   18        1.179         24
   19        1.085         24
   20        1.175         24
   21        1.151         24
   22        1.462         24
   23        0.958         24
   24        1.023         24
   25        0.997         24

Heavy atoms (no H):
State     Mean RMS     #pairs
----------------------------------
    1        1.122         24
    2        1.318         24
    3        1.120         24
    4        1.386         24
    5        0.994         24
    6        1.180         24
    7        1.048         24
    8        1.074         24
    9        1.452         24
   10        1.014         24
   11        1.338         24
   12        1.615         24
   13        0.987         24
   14        1.321         24
   15        1.205         24
   16        1.131         24
   17        1.033         24
   18        1.161         24
   19        1.046         24
   20        1.163         24
   21        1.132         24
   22        1.451         24
   23        0.933         24
   24        0.988         24
   25        0.960         24
------------------------------------------------------------
Detailed per-state individual pair RMS values:

State 1 - All atoms (mean = 1.145)
 Pair #          RMS
----------------------
      1        1.646
      2        1.029
      3        1.010
      4        1.050
      5        0.948
      6        1.132
      7        0.981
      8        1.454
      9        0.998
     10        1.676
     11        2.002
     12        0.934
     13        1.501
     14        1.179
     15        1.113
     16        1.262
     17        1.085
     18        0.888
     19        0.821
     20        1.235
     21        1.069
     22        0.806
     23        0.762
     24        0.899

State 1 - Heavy atoms (mean = 1.122)
 Pair #          RMS
----------------------
      1        1.648
      2        0.987
      3        1.020
      4        1.010
      5        0.889
      6        1.150
      7        0.951
      8        1.397
      9        0.990
     10        1.664
     11        1.994
     12        0.923
     13        1.483
     14        1.175
     15        1.092
     16        1.232
     17        1.077
     18        0.869
     19        0.835
     20        1.189
     21        1.035
     22        0.778
     23        0.697
     24        0.854
------------------------------------------------------------

State 2 - All atoms (mean = 1.327)
 Pair #          RMS
----------------------
      1        1.646
      2        1.378
      3        1.873
      4        1.073
      5        1.550
      6        0.978
      7        1.412
      8        1.653
      9        1.085
     10        1.013
     11        1.025
     12        1.266
     13        1.242
     14        1.375
     15        1.258
     16        0.872
     17        1.349
     18        1.304
     19        1.592
     20        1.051
     21        1.925
     22        1.252
     23        1.449
     24        1.230

State 2 - Heavy atoms (mean = 1.318)
 Pair #          RMS
----------------------
      1        1.648
      2        1.383
      3        1.899
      4        1.088
      5        1.543
      6        0.950
      7        1.413
      8        1.572
      9        1.073
     10        0.984
     11        0.969
     12        1.254
     13        1.219
     14        1.355
     15        1.272
     16        0.866
     17        1.344
     18        1.271
     19        1.599
     20        1.067
     21        1.944
     22        1.256
     23        1.451
     24        1.214
------------------------------------------------------------

State 3 - All atoms (mean = 1.151)
 Pair #          RMS
----------------------
      1        1.029
      2        1.378
      3        1.256
      4        1.001
      5        0.701
      6        1.162
      7        1.017
      8        1.391
      9        1.060
     10        1.533
     11        1.855
     12        1.001
     13        1.567
     14        1.383
     15        0.901
     16        1.052
     17        1.180
     18        1.250
     19        0.990
     20        1.153
     21        0.993
     22        0.947
     23        0.986
     24        0.849

State 3 - Heavy atoms (mean = 1.120)
 Pair #          RMS
----------------------
      1        0.987
      2        1.383
      3        1.255
      4        0.951
      5        0.644
      6        1.141
      7        1.014
      8        1.295
      9        1.029
     10        1.520
     11        1.831
     12        0.941
     13        1.545
     14        1.346
     15        0.880
     16        1.007
     17        1.145
     18        1.199
     19        0.947
     20        1.132
     21        0.974
     22        0.919
     23        0.971
     24        0.832
------------------------------------------------------------

State 4 - All atoms (mean = 1.376)
 Pair #          RMS
----------------------
      1        1.010
      2        1.873
      3        1.256
      4        1.152
      5        1.125
      6        1.276
      7        1.112
      8        1.622
      9        1.266
     10        1.943
     11        2.305
     12        1.264
     13        1.781
     14        1.522
     15        1.450
     16        1.438
     17        1.679
     18        1.154
     19        0.967
     20        1.542
     21        1.288
     22        1.086
     23        0.904
     24        1.009

State 4 - Heavy atoms (mean = 1.386)
 Pair #          RMS
----------------------
      1        1.020
      2        1.899
      3        1.255
      4        1.144
      5        1.141
      6        1.277
      7        1.124
      8        1.581
      9        1.260
     10        1.976
     11        2.303
     12        1.267
     13        1.790
     14        1.561
     15        1.457
     16        1.451
     17        1.710
     18        1.160
     19        0.973
     20        1.559
     21        1.308
     22        1.111
     23        0.924
     24        1.023
------------------------------------------------------------

State 5 - All atoms (mean = 1.015)
 Pair #          RMS
----------------------
      1        1.050
      2        1.073
      3        1.001
      4        1.152
      5        1.068
      6        0.834
      7        0.956
      8        1.502
      9        0.762
     10        1.121
     11        1.406
     12        0.896
     13        1.054
     14        1.187
     15        0.930
     16        0.778
     17        1.073
     18        0.891
     19        1.131
     20        0.805
     21        1.470
     22        0.685
     23        0.800
     24        0.740

State 5 - Heavy atoms (mean = 0.994)
 Pair #          RMS
----------------------
      1        1.010
      2        1.088
      3        0.951
      4        1.144
      5        1.026
      6        0.826
      7        0.941
      8        1.422
      9        0.726
     10        1.147
     11        1.398
     12        0.861
     13        1.035
     14        1.182
     15        0.906
     16        0.762
     17        1.060
     18        0.846
     19        1.122
     20        0.797
     21        1.451
     22        0.662
     23        0.772
     24        0.711
------------------------------------------------------------

State 6 - All atoms (mean = 1.214)
 Pair #          RMS
----------------------
      1        0.948
      2        1.550
      3        0.701
      4        1.125
      5        1.068
      6        1.213
      7        1.117
      8        1.409
      9        1.098
     10        1.696
     11        2.079
     12        1.054
     13        1.722
     14        1.470
     15        1.073
     16        1.221
     17        1.351
     18        1.241
     19        0.982
     20        1.251
     21        0.914
     22        0.995
     23        1.014
     24        0.834

State 6 - Heavy atoms (mean = 1.180)
 Pair #          RMS
----------------------
      1        0.889
      2        1.543
      3        0.644
      4        1.141
      5        1.026
      6        1.185
      7        1.110
      8        1.318
      9        1.059
     10        1.675
     11        2.039
     12        0.999
     13        1.692
     14        1.442
     15        1.039
     16        1.177
     17        1.300
     18        1.182
     19        0.953
     20        1.227
     21        0.925
     22        0.961
     23        0.990
     24        0.812
------------------------------------------------------------

State 7 - All atoms (mean = 1.068)
 Pair #          RMS
----------------------
      1        1.132
      2        0.978
      3        1.162
      4        1.276
      5        0.834
      6        1.213
      7        0.997
      8        1.338
      9        0.706
     10        1.170
     11        1.397
     12        0.877
     13        1.158
     14        1.047
     15        1.188
     16        0.895
     17        1.144
     18        0.757
     19        1.008
     20        1.023
     21        1.598
     22        0.908
     23        0.974
     24        0.861

State 7 - Heavy atoms (mean = 1.048)
 Pair #          RMS
----------------------
      1        1.150
      2        0.950
      3        1.141
      4        1.277
      5        0.826
      6        1.185
      7        0.937
      8        1.241
      9        0.683
     10        1.150
     11        1.377
     12        0.853
     13        1.129
     14        1.043
     15        1.180
     16        0.859
     17        1.161
     18        0.737
     19        0.987
     20        1.031
     21        1.597
     22        0.904
     23        0.941
     24        0.820
------------------------------------------------------------

State 8 - All atoms (mean = 1.101)
 Pair #          RMS
----------------------
      1        0.981
      2        1.412
      3        1.017
      4        1.112
      5        0.956
      6        1.117
      7        0.997
      8        1.486
      9        0.948
     10        1.380
     11        1.712
     12        0.915
     13        1.329
     14        1.051
     15        1.136
     16        1.122
     17        1.142
     18        0.920
     19        0.943
     20        1.216
     21        1.335
     22        0.821
     23        0.608
     24        0.777

State 8 - Heavy atoms (mean = 1.074)
 Pair #          RMS
----------------------
      1        0.951
      2        1.413
      3        1.014
      4        1.124
      5        0.941
      6        1.110
      7        0.937
      8        1.410
      9        0.876
     10        1.374
     11        1.674
     12        0.861
     13        1.313
     14        1.015
     15        1.147
     16        1.077
     17        1.120
     18        0.853
     19        0.918
     20        1.194
     21        1.321
     22        0.782
     23        0.585
     24        0.757
------------------------------------------------------------

State 9 - All atoms (mean = 1.532)
 Pair #          RMS
----------------------
      1        1.454
      2        1.653
      3        1.391
      4        1.622
      5        1.502
      6        1.409
      7        1.338
      8        1.486
      9        1.518
     10        1.692
     11        2.027
     12        1.361
     13        1.766
     14        1.536
     15        1.565
     16        1.463
     17        1.574
     18        1.498
     19        1.296
     20        1.616
     21        1.688
     22        1.443
     23        1.463
     24        1.398

State 9 - Heavy atoms (mean = 1.452)
 Pair #          RMS
----------------------
      1        1.397
      2        1.572
      3        1.295
      4        1.581
      5        1.422
      6        1.318
      7        1.241
      8        1.410
      9        1.439
     10        1.584
     11        1.950
     12        1.253
     13        1.668
     14        1.456
     15        1.489
     16        1.362
     17        1.492
     18        1.409
     19        1.229
     20        1.548
     21        1.668
     22        1.378
     23        1.387
     24        1.301
------------------------------------------------------------

State 10 - All atoms (mean = 1.044)
 Pair #          RMS
----------------------
      1        0.998
      2        1.085
      3        1.060
      4        1.266
      5        0.762
      6        1.098
      7        0.706
      8        0.948
      9        1.518
     10        1.310
     11        1.497
     12        0.925
     13        1.251
     14        1.150
     15        1.068
     16        0.888
     17        1.083
     18        0.716
     19        1.075
     20        0.791
     21        1.395
     22        0.759
     23        0.890
     24        0.815

State 10 - Heavy atoms (mean = 1.014)
 Pair #          RMS
----------------------
      1        0.990
      2        1.073
      3        1.029
      4        1.260
      5        0.726
      6        1.059
      7        0.683
      8        0.876
      9        1.439
     10        1.299
     11        1.472
     12        0.874
     13        1.245
     14        1.148
     15        1.043
     16        0.862
     17        1.073
     18        0.698
     19        1.052
     20        0.756
     21        1.368
     22        0.726
     23        0.834
     24        0.756
------------------------------------------------------------

State 11 - All atoms (mean = 1.351)
 Pair #          RMS
----------------------
      1        1.676
      2        1.013
      3        1.533
      4        1.943
      5        1.121
      6        1.696
      7        1.170
      8        1.380
      9        1.692
     10        1.310
     11        0.846
     12        1.125
     13        0.945
     14        1.232
     15        1.349
     16        0.982
     17        1.122
     18        1.388
     19        1.709
     20        1.161
     21        2.118
     22        1.240
     23        1.391
     24        1.293

State 11 - Heavy atoms (mean = 1.338)
 Pair #          RMS
----------------------
      1        1.664
      2        0.984
      3        1.520
      4        1.976
      5        1.147
      6        1.675
      7        1.150
      8        1.374
      9        1.584
     10        1.299
     11        0.826
     12        1.107
     13        0.931
     14        1.200
     15        1.362
     16        0.970
     17        1.102
     18        1.354
     19        1.703
     20        1.165
     21        2.124
     22        1.239
     23        1.381
     24        1.271
------------------------------------------------------------

State 12 - All atoms (mean = 1.640)
 Pair #          RMS
----------------------
      1        2.002
      2        1.025
      3        1.855
      4        2.305
      5        1.406
      6        2.079
      7        1.397
      8        1.712
      9        2.027
     10        1.497
     11        0.846
     12        1.517
     13        1.169
     14        1.574
     15        1.651
     16        1.268
     17        1.393
     18        1.665
     19        2.073
     20        1.374
     21        2.420
     22        1.611
     23        1.797
     24        1.698

State 12 - Heavy atoms (mean = 1.615)
 Pair #          RMS
----------------------
      1        1.994
      2        0.969
      3        1.831
      4        2.303
      5        1.398
      6        2.039
      7        1.377
      8        1.674
      9        1.950
     10        1.472
     11        0.826
     12        1.510
     13        1.142
     14        1.544
     15        1.648
     16        1.240
     17        1.396
     18        1.635
     19        2.071
     20        1.340
     21        2.398
     22        1.589
     23        1.757
     24        1.656
------------------------------------------------------------

State 13 - All atoms (mean = 1.024)
 Pair #          RMS
----------------------
      1        0.934
      2        1.266
      3        1.001
      4        1.264
      5        0.896
      6        1.054
      7        0.877
      8        0.915
      9        1.361
     10        0.925
     11        1.125
     12        1.517
     13        1.210
     14        1.019
     15        0.867
     16        0.824
     17        0.914
     18        0.939
     19        0.979
     20        1.080
     21        1.308
     22        0.713
     23        0.804
     24        0.780

State 13 - Heavy atoms (mean = 0.987)
 Pair #          RMS
----------------------
      1        0.923
      2        1.254
      3        0.941
      4        1.267
      5        0.861
      6        0.999
      7        0.853
      8        0.861
      9        1.253
     10        0.874
     11        1.107
     12        1.510
     13        1.190
     14        1.007
     15        0.835
     16        0.767
     17        0.893
     18        0.901
     19        0.952
     20        1.050
     21        1.285
     22        0.675
     23        0.734
     24        0.697
------------------------------------------------------------

State 14 - All atoms (mean = 1.339)
 Pair #          RMS
----------------------
      1        1.501
      2        1.242
      3        1.567
      4        1.781
      5        1.054
      6        1.722
      7        1.158
      8        1.329
      9        1.766
     10        1.251
     11        0.945
     12        1.169
     13        1.210
     14        1.112
     15        1.274
     16        1.127
     17        1.071
     18        1.216
     19        1.587
     20        1.155
     21        2.065
     22        1.179
     23        1.272
     24        1.375

State 14 - Heavy atoms (mean = 1.321)
 Pair #          RMS
----------------------
      1        1.483
      2        1.219
      3        1.545
      4        1.790
      5        1.035
      6        1.692
      7        1.129
      8        1.313
      9        1.668
     10        1.245
     11        0.931
     12        1.142
     13        1.190
     14        1.086
     15        1.270
     16        1.128
     17        1.064
     18        1.188
     19        1.578
     20        1.155
     21        2.068
     22        1.176
     23        1.256
     24        1.350
------------------------------------------------------------

State 15 - All atoms (mean = 1.223)
 Pair #          RMS
----------------------
      1        1.179
      2        1.375
      3        1.383
      4        1.522
      5        1.187
      6        1.470
      7        1.047
      8        1.051
      9        1.536
     10        1.150
     11        1.232
     12        1.574
     13        1.019
     14        1.112
     15        1.242
     16        1.136
     17        0.880
     18        0.904
     19        1.168
     20        1.268
     21        1.641
     22        0.986
     23        1.097
     24        1.202

State 15 - Heavy atoms (mean = 1.205)
 Pair #          RMS
----------------------
      1        1.175
      2        1.355
      3        1.346
      4        1.561
      5        1.182
      6        1.442
      7        1.043
      8        1.015
      9        1.456
     10        1.148
     11        1.200
     12        1.544
     13        1.007
     14        1.086
     15        1.227
     16        1.120
     17        0.837
     18        0.881
     19        1.182
     20        1.266
     21        1.650
     22        0.975
     23        1.060
     24        1.161
------------------------------------------------------------

State 16 - All atoms (mean = 1.146)
 Pair #          RMS
----------------------
      1        1.113
      2        1.258
      3        0.901
      4        1.450
      5        0.930
      6        1.073
      7        1.188
      8        1.136
      9        1.565
     10        1.068
     11        1.349
     12        1.651
     13        0.867
     14        1.274
     15        1.242
     16        0.912
     17        1.015
     18        1.150
     19        1.224
     20        1.078
     21        1.250
     22        0.853
     23        1.040
     24        0.925

State 16 - Heavy atoms (mean = 1.131)
 Pair #          RMS
----------------------
      1        1.092
      2        1.272
      3        0.880
      4        1.457
      5        0.906
      6        1.039
      7        1.180
      8        1.147
      9        1.489
     10        1.043
     11        1.362
     12        1.648
     13        0.835
     14        1.270
     15        1.227
     16        0.904
     17        1.008
     18        1.115
     19        1.209
     20        1.063
     21        1.235
     22        0.834
     23        1.027
     24        0.913
------------------------------------------------------------

State 17 - All atoms (mean = 1.063)
 Pair #          RMS
----------------------
      1        1.262
      2        0.872
      3        1.052
      4        1.438
      5        0.778
      6        1.221
      7        0.895
      8        1.122
      9        1.463
     10        0.888
     11        0.982
     12        1.268
     13        0.824
     14        1.127
     15        1.136
     16        0.912
     17        1.084
     18        1.048
     19        1.209
     20        0.812
     21        1.466
     22        0.791
     23        1.031
     24        0.833

State 17 - Heavy atoms (mean = 1.033)
 Pair #          RMS
----------------------
      1        1.232
      2        0.866
      3        1.007
      4        1.451
      5        0.762
      6        1.177
      7        0.859
      8        1.077
      9        1.362
     10        0.862
     11        0.970
     12        1.240
     13        0.767
     14        1.128
     15        1.120
     16        0.904
     17        1.064
     18        1.006
     19        1.190
     20        0.798
     21        1.448
     22        0.758
     23        0.982
     24        0.768
------------------------------------------------------------

State 18 - All atoms (mean = 1.179)
 Pair #          RMS
----------------------
      1        1.085
      2        1.349
      3        1.180
      4        1.679
      5        1.073
      6        1.351
      7        1.144
      8        1.142
      9        1.574
     10        1.083
     11        1.122
     12        1.393
     13        0.914
     14        1.071
     15        0.880
     16        1.015
     17        1.084
     18        1.079
     19        1.272
     20        1.055
     21        1.537
     22        0.962
     23        1.097
     24        1.154

State 18 - Heavy atoms (mean = 1.161)
 Pair #          RMS
----------------------
      1        1.077
      2        1.344
      3        1.145
      4        1.710
      5        1.060
      6        1.300
      7        1.161
      8        1.120
      9        1.492
     10        1.073
     11        1.102
     12        1.396
     13        0.893
     14        1.064
     15        0.837
     16        1.008
     17        1.064
     18        1.069
     19        1.278
     20        1.028
     21        1.519
     22        0.936
     23        1.058
     24        1.124
------------------------------------------------------------

State 19 - All atoms (mean = 1.085)
 Pair #          RMS
----------------------
      1        0.888
      2        1.304
      3        1.250
      4        1.154
      5        0.891
      6        1.241
      7        0.757
      8        0.920
      9        1.498
     10        0.716
     11        1.388
     12        1.665
     13        0.939
     14        1.216
     15        0.904
     16        1.150
     17        1.048
     18        1.079
     19        1.017
     20        1.090
     21        1.457
     22        0.753
     23        0.816
     24        0.888

State 19 - Heavy atoms (mean = 1.046)
 Pair #          RMS
----------------------
      1        0.869
      2        1.271
      3        1.199
      4        1.160
      5        0.846
      6        1.182
      7        0.737
      8        0.853
      9        1.409
     10        0.698
     11        1.354
     12        1.635
     13        0.901
     14        1.188
     15        0.881
     16        1.115
     17        1.006
     18        1.069
     19        0.995
     20        1.052
     21        1.425
     22        0.697
     23        0.749
     24        0.823
------------------------------------------------------------

State 20 - All atoms (mean = 1.175)
 Pair #          RMS
----------------------
      1        0.821
      2        1.592
      3        0.990
      4        0.967
      5        1.131
      6        0.982
      7        1.008
      8        0.943
      9        1.296
     10        1.075
     11        1.709
     12        2.073
     13        0.979
     14        1.587
     15        1.168
     16        1.224
     17        1.209
     18        1.272
     19        1.017
     20        1.371
     21        1.098
     22        0.918
     23        0.840
     24        0.935

State 20 - Heavy atoms (mean = 1.163)
 Pair #          RMS
----------------------
      1        0.835
      2        1.599
      3        0.947
      4        0.973
      5        1.122
      6        0.953
      7        0.987
      8        0.918
      9        1.229
     10        1.052
     11        1.703
     12        2.071
     13        0.952
     14        1.578
     15        1.182
     16        1.209
     17        1.190
     18        1.278
     19        0.995
     20        1.383
     21        1.114
     22        0.928
     23        0.807
     24        0.905
------------------------------------------------------------

State 21 - All atoms (mean = 1.151)
 Pair #          RMS
----------------------
      1        1.235
      2        1.051
      3        1.153
      4        1.542
      5        0.805
      6        1.251
      7        1.023
      8        1.216
      9        1.616
     10        0.791
     11        1.161
     12        1.374
     13        1.080
     14        1.155
     15        1.268
     16        1.078
     17        0.812
     18        1.055
     19        1.090
     20        1.371
     21        1.509
     22        0.886
     23        1.097
     24        0.993

State 21 - Heavy atoms (mean = 1.132)
 Pair #          RMS
----------------------
      1        1.189
      2        1.067
      3        1.132
      4        1.559
      5        0.797
      6        1.227
      7        1.031
      8        1.194
      9        1.548
     10        0.756
     11        1.165
     12        1.340
     13        1.050
     14        1.155
     15        1.266
     16        1.063
     17        0.798
     18        1.028
     19        1.052
     20        1.383
     21        1.488
     22        0.859
     23        1.059
     24        0.955
------------------------------------------------------------

State 22 - All atoms (mean = 1.462)
 Pair #          RMS
----------------------
      1        1.069
      2        1.925
      3        0.993
      4        1.288
      5        1.470
      6        0.914
      7        1.598
      8        1.335
      9        1.688
     10        1.395
     11        2.118
     12        2.420
     13        1.308
     14        2.065
     15        1.641
     16        1.250
     17        1.466
     18        1.537
     19        1.457
     20        1.098
     21        1.509
     22        1.161
     23        1.211
     24        1.176

State 22 - Heavy atoms (mean = 1.451)
 Pair #          RMS
----------------------
      1        1.035
      2        1.944
      3        0.974
      4        1.308
      5        1.451
      6        0.925
      7        1.597
      8        1.321
      9        1.668
     10        1.368
     11        2.124
     12        2.398
     13        1.285
     14        2.068
     15        1.650
     16        1.235
     17        1.448
     18        1.519
     19        1.425
     20        1.114
     21        1.488
     22        1.134
     23        1.182
     24        1.165
------------------------------------------------------------

State 23 - All atoms (mean = 0.958)
 Pair #          RMS
----------------------
      1        0.806
      2        1.252
      3        0.947
      4        1.086
      5        0.685
      6        0.995
      7        0.908
      8        0.821
      9        1.443
     10        0.759
     11        1.240
     12        1.611
     13        0.713
     14        1.179
     15        0.986
     16        0.853
     17        0.791
     18        0.962
     19        0.753
     20        0.918
     21        0.886
     22        1.161
     23        0.580
     24        0.647

State 23 - Heavy atoms (mean = 0.933)
 Pair #          RMS
----------------------
      1        0.778
      2        1.256
      3        0.919
      4        1.111
      5        0.662
      6        0.961
      7        0.904
      8        0.782
      9        1.378
     10        0.726
     11        1.239
     12        1.589
     13        0.675
     14        1.176
     15        0.975
     16        0.834
     17        0.758
     18        0.936
     19        0.697
     20        0.928
     21        0.859
     22        1.134
     23        0.526
     24        0.583
------------------------------------------------------------

State 24 - All atoms (mean = 1.023)
 Pair #          RMS
----------------------
      1        0.762
      2        1.449
      3        0.986
      4        0.904
      5        0.800
      6        1.014
      7        0.974
      8        0.608
      9        1.463
     10        0.890
     11        1.391
     12        1.797
     13        0.804
     14        1.272
     15        1.097
     16        1.040
     17        1.031
     18        1.097
     19        0.816
     20        0.840
     21        1.097
     22        1.211
     23        0.580
     24        0.628

State 24 - Heavy atoms (mean = 0.988)
 Pair #          RMS
----------------------
      1        0.697
      2        1.451
      3        0.971
      4        0.924
      5        0.772
      6        0.990
      7        0.941
      8        0.585
      9        1.387
     10        0.834
     11        1.381
     12        1.757
     13        0.734
     14        1.256
     15        1.060
     16        1.027
     17        0.982
     18        1.058
     19        0.749
     20        0.807
     21        1.059
     22        1.182
     23        0.526
     24        0.591
------------------------------------------------------------

State 25 - All atoms (mean = 0.997)
 Pair #          RMS
----------------------
      1        0.899
      2        1.230
      3        0.849
      4        1.009
      5        0.740
      6        0.834
      7        0.861
      8        0.777
      9        1.398
     10        0.815
     11        1.293
     12        1.698
     13        0.780
     14        1.375
     15        1.202
     16        0.925
     17        0.833
     18        1.154
     19        0.888
     20        0.935
     21        0.993
     22        1.176
     23        0.647
     24        0.628

State 25 - Heavy atoms (mean = 0.960)
 Pair #          RMS
----------------------
      1        0.854
      2        1.214
      3        0.832
      4        1.023
      5        0.711
      6        0.812
      7        0.820
      8        0.757
      9        1.301
     10        0.756
     11        1.271
     12        1.656
     13        0.697
     14        1.350
     15        1.161
     16        0.913
     17        0.768
     18        1.124
     19        0.823
     20        0.905
     21        0.955
     22        1.165
     23        0.583
     24        0.591
------------------------------------------------------------
========================================================

