
*****************************
* RMS Statistics Calculator *
*****************************

The level of detail in this report has been set to => 2 (full detail)

############ Data selection ############

xxxxxxxxxxxxxxxxxxxxxxxxxxxxxxxxxxxxxxxx
Resolved selection: (1A1T) and (chain A and not resn ZN)
States inspected: 25
Atoms selected:
  All: 865
  Heavy (no H): 439
xxxxxxxxxxxxxxxxxxxxxxxxxxxxxxxxxxxxxxxx

########################################

======================== RMS Summary ========================
Mode              #atoms   #values       mean         sd
------------------------------------------------------------
All atoms            865       600      2.939      0.670
Heavy atoms          439       600      2.714      0.747
------------------------------------------------------------
Average RMS per state (showing NaN where unavailable):

All atoms:
State     Mean RMS     #pairs
----------------------------------
    1        3.338         24
    2        2.640         24
    3        3.039         24
    4        3.096         24
    5        2.624         24
    6        4.168         24
    7        2.654         24
    8        3.306         24
    9        2.640         24
   10        2.760         24
   11        3.324         24
   12        2.524         24
   13        2.977         24
   14        2.649         24
   15        2.743         24
   16        2.721         24
   17        2.776         24
   18        2.811         24
   19        2.522         24
   20        3.061         24
   21        2.852         24
   22        3.938         24
   23        2.858         24
   24        2.660         24
   25        2.806         24

Heavy atoms (no H):
State     Mean RMS     #pairs
----------------------------------
    1        3.182         24
    2        2.365         24
    3        2.827         24
    4        2.890         24
    5        2.378         24
    6        4.088         24
    7        2.392         24
    8        3.174         24
    9        2.394         24
   10        2.495         24
   11        3.173         24
   12        2.260         24
   13        2.662         24
   14        2.385         24
   15        2.495         24
   16        2.486         24
   17        2.530         24
   18        2.530         24
   19        2.274         24
   20        2.867         24
   21        2.614         24
   22        3.816         24
   23        2.614         24
   24        2.430         24
   25        2.535         24
------------------------------------------------------------
Detailed per-state individual pair RMS values:

State 1 - All atoms (mean = 3.338)
 Pair #          RMS
----------------------
      1        3.164
      2        3.497
      3        3.091
      4        3.333
      5        4.919
      6        2.575
      7        2.198
      8        3.508
      9        3.094
     10        3.683
     11        3.000
     12        3.540
     13        3.065
     14        3.327
     15        3.129
     16        3.217
     17        3.321
     18        3.039
     19        3.298
     20        2.973
     21        4.591
     22        3.626
     23        3.517
     24        3.412

State 1 - Heavy atoms (mean = 3.182)
 Pair #          RMS
----------------------
      1        2.946
      2        3.424
      3        2.910
      4        3.199
      5        4.941
      6        2.427
      7        1.902
      8        3.346
      9        2.839
     10        3.552
     11        2.840
     12        3.219
     13        2.909
     14        3.137
     15        3.036
     16        3.063
     17        3.161
     18        2.890
     19        3.163
     20        2.780
     21        4.617
     22        3.459
     23        3.404
     24        3.214
------------------------------------------------------------

State 2 - All atoms (mean = 2.640)
 Pair #          RMS
----------------------
      1        3.164
      2        2.688
      3        2.715
      4        2.421
      5        4.018
      6        2.185
      7        3.048
      8        1.970
      9        2.479
     10        3.249
     11        2.082
     12        2.556
     13        2.485
     14        2.515
     15        2.219
     16        2.252
     17        2.679
     18        1.943
     19        2.917
     20        2.667
     21        3.902
     22        2.696
     23        2.295
     24        2.218

State 2 - Heavy atoms (mean = 2.365)
 Pair #          RMS
----------------------
      1        2.946
      2        2.361
      3        2.582
      4        2.090
      5        3.933
      6        1.839
      7        2.872
      8        1.678
      9        2.177
     10        3.111
     11        1.694
     12        2.143
     13        2.119
     14        2.172
     15        1.884
     16        1.958
     17        2.354
     18        1.593
     19        2.771
     20        2.375
     21        3.749
     22        2.450
     23        2.023
     24        1.876
------------------------------------------------------------

State 3 - All atoms (mean = 3.039)
 Pair #          RMS
----------------------
      1        3.497
      2        2.688
      3        3.743
      4        3.061
      5        3.346
      6        2.844
      7        3.579
      8        2.642
      9        3.479
     10        4.181
     11        2.462
     12        3.190
     13        2.172
     14        2.812
     15        2.442
     16        2.891
     17        3.214
     18        2.682
     19        3.407
     20        2.788
     21        3.067
     22        3.219
     23        2.881
     24        2.655

State 3 - Heavy atoms (mean = 2.827)
 Pair #          RMS
----------------------
      1        3.424
      2        2.361
      3        3.629
      4        2.814
      5        3.293
      6        2.660
      7        3.502
      8        2.345
      9        3.255
     10        4.094
     11        2.202
     12        2.796
     13        1.939
     14        2.514
     15        2.172
     16        2.648
     17        2.954
     18        2.396
     19        3.378
     20        2.610
     21        2.931
     22        3.037
     23        2.626
     24        2.261
------------------------------------------------------------

State 4 - All atoms (mean = 3.096)
 Pair #          RMS
----------------------
      1        3.091
      2        2.715
      3        3.743
      4        2.831
      5        4.394
      6        2.542
      7        3.150
      8        2.807
      9        2.536
     10        2.723
     11        2.909
     12        3.605
     13        3.046
     14        3.312
     15        3.349
     16        2.720
     17        2.896
     18        2.782
     19        2.669
     20        2.863
     21        4.560
     22        2.788
     23        2.882
     24        3.399

State 4 - Heavy atoms (mean = 2.890)
 Pair #          RMS
----------------------
      1        2.910
      2        2.582
      3        3.629
      4        2.556
      5        4.351
      6        2.320
      7        3.001
      8        2.641
      9        2.203
     10        2.414
     11        2.709
     12        3.304
     13        2.848
     14        3.129
     15        3.145
     16        2.565
     17        2.588
     18        2.609
     19        2.348
     20        2.639
     21        4.454
     22        2.483
     23        2.708
     24        3.227
------------------------------------------------------------

State 5 - All atoms (mean = 2.624)
 Pair #          RMS
----------------------
      1        3.333
      2        2.421
      3        3.061
      4        2.831
      5        4.103
      6        2.549
      7        3.383
      8        2.332
      9        1.927
     10        2.617
     11        2.180
     12        2.262
     13        2.451
     14        2.180
     15        2.225
     16        2.603
     17        2.492
     18        2.349
     19        2.807
     20        2.732
     21        3.707
     22        2.147
     23        1.961
     24        2.321

State 5 - Heavy atoms (mean = 2.378)
 Pair #          RMS
----------------------
      1        3.199
      2        2.090
      3        2.814
      4        2.556
      5        4.042
      6        2.215
      7        3.246
      8        2.046
      9        1.670
     10        2.473
     11        1.907
     12        2.008
     13        2.154
     14        1.943
     15        1.986
     16        2.278
     17        2.156
     18        2.060
     19        2.546
     20        2.452
     21        3.603
     22        1.894
     23        1.682
     24        2.041
------------------------------------------------------------

State 6 - All atoms (mean = 4.168)
 Pair #          RMS
----------------------
      1        4.919
      2        4.018
      3        3.346
      4        4.394
      5        4.103
      6        4.451
      7        4.602
      8        3.815
      9        4.738
     10        4.425
     11        4.101
     12        4.416
     13        3.934
     14        4.242
     15        4.157
     16        4.320
     17        4.187
     18        4.292
     19        4.097
     20        4.591
     21        2.526
     22        4.202
     23        4.152
     24        3.995

State 6 - Heavy atoms (mean = 4.088)
 Pair #          RMS
----------------------
      1        4.941
      2        3.933
      3        3.293
      4        4.351
      5        4.042
      6        4.417
      7        4.632
      8        3.634
      9        4.640
     10        4.310
     11        4.039
     12        4.318
     13        3.892
     14        4.139
     15        4.118
     16        4.310
     17        4.084
     18        4.193
     19        4.050
     20        4.572
     21        2.190
     22        4.072
     23        4.075
     24        3.857
------------------------------------------------------------

State 7 - All atoms (mean = 2.654)
 Pair #          RMS
----------------------
      1        2.575
      2        2.185
      3        2.844
      4        2.542
      5        2.549
      6        4.451
      7        2.680
      8        2.370
      9        2.460
     10        3.285
     11        2.001
     12        2.934
     13        2.165
     14        2.670
     15        2.329
     16        2.314
     17        2.573
     18        1.882
     19        2.770
     20        1.917
     21        4.161
     22        2.767
     23        2.498
     24        2.764

State 7 - Heavy atoms (mean = 2.392)
 Pair #          RMS
----------------------
      1        2.427
      2        1.839
      3        2.660
      4        2.320
      5        2.215
      6        4.417
      7        2.527
      8        2.096
      9        2.063
     10        3.070
     11        1.672
     12        2.471
     13        1.877
     14        2.380
     15        2.081
     16        2.010
     17        2.235
     18        1.607
     19        2.543
     20        1.646
     21        4.102
     22        2.489
     23        2.191
     24        2.458
------------------------------------------------------------

State 8 - All atoms (mean = 3.306)
 Pair #          RMS
----------------------
      1        2.198
      2        3.048
      3        3.579
      4        3.150
      5        3.383
      6        4.602
      7        2.680
      8        3.358
      9        3.010
     10        3.671
     11        3.054
     12        3.217
     13        3.251
     14        2.998
     15        3.281
     16        3.478
     17        3.177
     18        3.032
     19        3.362
     20        3.032
     21        4.600
     22        3.564
     23        3.342
     24        3.270

State 8 - Heavy atoms (mean = 3.174)
 Pair #          RMS
----------------------
      1        1.902
      2        2.872
      3        3.502
      4        3.001
      5        3.246
      6        4.632
      7        2.527
      8        3.271
      9        2.842
     10        3.542
     11        2.921
     12        2.917
     13        3.086
     14        2.897
     15        3.190
     16        3.315
     17        3.084
     18        2.941
     19        3.225
     20        2.873
     21        4.598
     22        3.428
     23        3.294
     24        3.076
------------------------------------------------------------

State 9 - All atoms (mean = 2.640)
 Pair #          RMS
----------------------
      1        3.508
      2        1.970
      3        2.642
      4        2.807
      5        2.332
      6        3.815
      7        2.370
      8        3.358
      9        2.634
     10        2.971
     11        2.078
     12        2.761
     13        2.318
     14        2.490
     15        2.423
     16        2.424
     17        2.383
     18        1.883
     19        2.764
     20        2.722
     21        3.583
     22        2.545
     23        2.120
     24        2.472

State 9 - Heavy atoms (mean = 2.394)
 Pair #          RMS
----------------------
      1        3.346
      2        1.678
      3        2.345
      4        2.641
      5        2.046
      6        3.634
      7        2.096
      8        3.271
      9        2.368
     10        2.842
     11        1.776
     12        2.444
     13        2.013
     14        2.193
     15        2.139
     16        2.148
     17        2.091
     18        1.638
     19        2.563
     20        2.516
     21        3.347
     22        2.305
     23        1.872
     24        2.156
------------------------------------------------------------

State 10 - All atoms (mean = 2.760)
 Pair #          RMS
----------------------
      1        3.094
      2        2.479
      3        3.479
      4        2.536
      5        1.927
      6        4.738
      7        2.460
      8        3.010
      9        2.634
     10        2.651
     11        2.353
     12        2.473
     13        2.751
     14        2.372
     15        2.826
     16        2.354
     17        2.555
     18        2.123
     19        2.819
     20        2.601
     21        4.564
     22        2.533
     23        2.266
     24        2.632

State 10 - Heavy atoms (mean = 2.495)
 Pair #          RMS
----------------------
      1        2.839
      2        2.177
      3        3.255
      4        2.203
      5        1.670
      6        4.640
      7        2.063
      8        2.842
      9        2.368
     10        2.422
     11        2.069
     12        2.203
     13        2.445
     14        2.181
     15        2.557
     16        2.108
     17        2.192
     18        1.874
     19        2.469
     20        2.279
     21        4.418
     22        2.205
     23        2.005
     24        2.393
------------------------------------------------------------

State 11 - All atoms (mean = 3.324)
 Pair #          RMS
----------------------
      1        3.683
      2        3.249
      3        4.181
      4        2.723
      5        2.617
      6        4.425
      7        3.285
      8        3.671
      9        2.971
     10        2.651
     11        3.195
     12        3.458
     13        3.429
     14        3.279
     15        3.671
     16        3.389
     17        2.638
     18        3.147
     19        2.781
     20        3.550
     21        4.446
     22        2.923
     23        3.025
     24        3.398

State 11 - Heavy atoms (mean = 3.173)
 Pair #          RMS
----------------------
      1        3.552
      2        3.111
      3        4.094
      4        2.414
      5        2.473
      6        4.310
      7        3.070
      8        3.542
      9        2.842
     10        2.422
     11        3.076
     12        3.333
     13        3.327
     14        3.203
     15        3.572
     16        3.257
     17        2.447
     18        3.043
     19        2.420
     20        3.410
     21        4.316
     22        2.674
     23        2.903
     24        3.330
------------------------------------------------------------

State 12 - All atoms (mean = 2.524)
 Pair #          RMS
----------------------
      1        3.000
      2        2.082
      3        2.462
      4        2.909
      5        2.180
      6        4.101
      7        2.001
      8        3.054
      9        2.078
     10        2.353
     11        3.195
     12        2.607
     13        1.881
     14        2.292
     15        2.025
     16        2.020
     17        2.437
     18        1.756
     19        2.625
     20        2.166
     21        3.804
     22        2.640
     23        2.361
     24        2.537

State 12 - Heavy atoms (mean = 2.260)
 Pair #          RMS
----------------------
      1        2.840
      2        1.694
      3        2.202
      4        2.709
      5        1.907
      6        4.039
      7        1.672
      8        2.921
      9        1.776
     10        2.069
     11        3.076
     12        2.211
     13        1.542
     14        1.968
     15        1.729
     16        1.695
     17        2.111
     18        1.410
     19        2.475
     20        1.915
     21        3.656
     22        2.384
     23        2.067
     24        2.171
------------------------------------------------------------

State 13 - All atoms (mean = 2.977)
 Pair #          RMS
----------------------
      1        3.540
      2        2.556
      3        3.190
      4        3.605
      5        2.262
      6        4.416
      7        2.934
      8        3.217
      9        2.761
     10        2.473
     11        3.458
     12        2.607
     13        2.886
     14        2.206
     15        2.674
     16        3.069
     17        2.909
     18        2.672
     19        3.458
     20        3.167
     21        4.148
     22        2.843
     23        2.290
     24        2.108

State 13 - Heavy atoms (mean = 2.662)
 Pair #          RMS
----------------------
      1        3.219
      2        2.143
      3        2.796
      4        3.304
      5        2.008
      6        4.318
      7        2.471
      8        2.917
      9        2.444
     10        2.203
     11        3.333
     12        2.211
     13        2.473
     14        1.835
     15        2.295
     16        2.702
     17        2.576
     18        2.320
     19        3.218
     20        2.744
     21        3.993
     22        2.588
     23        1.987
     24        1.784
------------------------------------------------------------

State 14 - All atoms (mean = 2.649)
 Pair #          RMS
----------------------
      1        3.065
      2        2.485
      3        2.172
      4        3.046
      5        2.451
      6        3.934
      7        2.165
      8        3.251
      9        2.318
     10        2.751
     11        3.429
     12        1.881
     13        2.886
     14        2.420
     15        2.123
     16        2.257
     17        2.515
     18        2.074
     19        2.790
     20        2.095
     21        3.615
     22        2.664
     23        2.497
     24        2.692

State 14 - Heavy atoms (mean = 2.385)
 Pair #          RMS
----------------------
      1        2.909
      2        2.119
      3        1.939
      4        2.848
      5        2.154
      6        3.892
      7        1.877
      8        3.086
      9        2.013
     10        2.445
     11        3.327
     12        1.542
     13        2.473
     14        2.106
     15        1.796
     16        1.950
     17        2.124
     18        1.751
     19        2.648
     20        1.870
     21        3.486
     22        2.375
     23        2.204
     24        2.299
------------------------------------------------------------

State 15 - All atoms (mean = 2.743)
 Pair #          RMS
----------------------
      1        3.327
      2        2.515
      3        2.812
      4        3.312
      5        2.180
      6        4.242
      7        2.670
      8        2.998
      9        2.490
     10        2.372
     11        3.279
     12        2.292
     13        2.206
     14        2.420
     15        2.196
     16        2.782
     17        2.586
     18        2.324
     19        3.256
     20        2.825
     21        3.969
     22        2.605
     23        1.958
     24        2.221

State 15 - Heavy atoms (mean = 2.495)
 Pair #          RMS
----------------------
      1        3.137
      2        2.172
      3        2.514
      4        3.129
      5        1.943
      6        4.139
      7        2.380
      8        2.897
      9        2.193
     10        2.181
     11        3.203
     12        1.968
     13        1.835
     14        2.106
     15        1.914
     16        2.487
     17        2.283
     18        2.039
     19        3.039
     20        2.555
     21        3.797
     22        2.364
     23        1.741
     24        1.861
------------------------------------------------------------

State 16 - All atoms (mean = 2.721)
 Pair #          RMS
----------------------
      1        3.129
      2        2.219
      3        2.442
      4        3.349
      5        2.225
      6        4.157
      7        2.329
      8        3.281
      9        2.423
     10        2.826
     11        3.671
     12        2.025
     13        2.674
     14        2.123
     15        2.196
     16        2.523
     17        2.756
     18        2.231
     19        3.229
     20        2.595
     21        3.643
     22        2.506
     23        2.282
     24        2.464

State 16 - Heavy atoms (mean = 2.486)
 Pair #          RMS
----------------------
      1        3.036
      2        1.884
      3        2.172
      4        3.145
      5        1.986
      6        4.118
      7        2.081
      8        3.190
      9        2.139
     10        2.557
     11        3.572
     12        1.729
     13        2.295
     14        1.796
     15        1.914
     16        2.204
     17        2.439
     18        1.933
     19        3.094
     20        2.335
     21        3.589
     22        2.327
     23        2.037
     24        2.101
------------------------------------------------------------

State 17 - All atoms (mean = 2.776)
 Pair #          RMS
----------------------
      1        3.217
      2        2.252
      3        2.891
      4        2.720
      5        2.603
      6        4.320
      7        2.314
      8        3.478
      9        2.424
     10        2.354
     11        3.389
     12        2.020
     13        3.069
     14        2.257
     15        2.782
     16        2.523
     17        2.762
     18        1.882
     19        2.759
     20        2.199
     21        4.159
     22        2.913
     23        2.680
     24        2.667

State 17 - Heavy atoms (mean = 2.530)
 Pair #          RMS
----------------------
      1        3.063
      2        1.958
      3        2.648
      4        2.565
      5        2.278
      6        4.310
      7        2.010
      8        3.315
      9        2.148
     10        2.108
     11        3.257
     12        1.695
     13        2.702
     14        1.950
     15        2.487
     16        2.204
     17        2.471
     18        1.586
     19        2.618
     20        1.885
     21        4.077
     22        2.619
     23        2.389
     24        2.370
------------------------------------------------------------

State 18 - All atoms (mean = 2.811)
 Pair #          RMS
----------------------
      1        3.321
      2        2.679
      3        3.214
      4        2.896
      5        2.492
      6        4.187
      7        2.573
      8        3.177
      9        2.383
     10        2.555
     11        2.638
     12        2.437
     13        2.909
     14        2.515
     15        2.586
     16        2.756
     17        2.762
     18        2.465
     19        2.583
     20        2.696
     21        3.920
     22        2.429
     23        2.499
     24        2.802

State 18 - Heavy atoms (mean = 2.530)
 Pair #          RMS
----------------------
      1        3.161
      2        2.354
      3        2.954
      4        2.588
      5        2.156
      6        4.084
      7        2.235
      8        3.084
      9        2.091
     10        2.192
     11        2.447
     12        2.111
     13        2.576
     14        2.124
     15        2.283
     16        2.439
     17        2.471
     18        2.126
     19        2.279
     20        2.381
     21        3.782
     22        2.047
     23        2.181
     24        2.567
------------------------------------------------------------

State 19 - All atoms (mean = 2.522)
 Pair #          RMS
----------------------
      1        3.039
      2        1.943
      3        2.682
      4        2.782
      5        2.349
      6        4.292
      7        1.882
      8        3.032
      9        1.883
     10        2.123
     11        3.147
     12        1.756
     13        2.672
     14        2.074
     15        2.324
     16        2.231
     17        1.882
     18        2.465
     19        2.759
     20        2.214
     21        4.022
     22        2.420
     23        2.173
     24        2.391

State 19 - Heavy atoms (mean = 2.274)
 Pair #          RMS
----------------------
      1        2.890
      2        1.593
      3        2.396
      4        2.609
      5        2.060
      6        4.193
      7        1.607
      8        2.941
      9        1.638
     10        1.874
     11        3.043
     12        1.410
     13        2.320
     14        1.751
     15        2.039
     16        1.933
     17        1.586
     18        2.126
     19        2.584
     20        1.944
     21        3.872
     22        2.186
     23        1.926
     24        2.050
------------------------------------------------------------

State 20 - All atoms (mean = 3.061)
 Pair #          RMS
----------------------
      1        3.298
      2        2.917
      3        3.407
      4        2.669
      5        2.807
      6        4.097
      7        2.770
      8        3.362
      9        2.764
     10        2.819
     11        2.781
     12        2.625
     13        3.458
     14        2.790
     15        3.256
     16        3.229
     17        2.759
     18        2.583
     19        2.759
     20        3.012
     21        3.849
     22        2.886
     23        3.138
     24        3.434

State 20 - Heavy atoms (mean = 2.867)
 Pair #          RMS
----------------------
      1        3.163
      2        2.771
      3        3.378
      4        2.348
      5        2.546
      6        4.050
      7        2.543
      8        3.225
      9        2.563
     10        2.469
     11        2.420
     12        2.475
     13        3.218
     14        2.648
     15        3.039
     16        3.094
     17        2.618
     18        2.279
     19        2.584
     20        2.846
     21        3.800
     22        2.585
     23        2.914
     24        3.233
------------------------------------------------------------

State 21 - All atoms (mean = 2.852)
 Pair #          RMS
----------------------
      1        2.973
      2        2.667
      3        2.788
      4        2.863
      5        2.732
      6        4.591
      7        1.917
      8        3.032
      9        2.722
     10        2.601
     11        3.550
     12        2.166
     13        3.167
     14        2.095
     15        2.825
     16        2.595
     17        2.199
     18        2.696
     19        2.214
     20        3.012
     21        4.310
     22        2.976
     23        2.773
     24        2.987

State 21 - Heavy atoms (mean = 2.614)
 Pair #          RMS
----------------------
      1        2.780
      2        2.375
      3        2.610
      4        2.639
      5        2.452
      6        4.572
      7        1.646
      8        2.873
      9        2.516
     10        2.279
     11        3.410
     12        1.915
     13        2.744
     14        1.870
     15        2.555
     16        2.335
     17        1.885
     18        2.381
     19        1.944
     20        2.846
     21        4.270
     22        2.692
     23        2.497
     24        2.659
------------------------------------------------------------

State 22 - All atoms (mean = 3.938)
 Pair #          RMS
----------------------
      1        4.591
      2        3.902
      3        3.067
      4        4.560
      5        3.707
      6        2.526
      7        4.161
      8        4.600
      9        3.583
     10        4.564
     11        4.446
     12        3.804
     13        4.148
     14        3.615
     15        3.969
     16        3.643
     17        4.159
     18        3.920
     19        4.022
     20        3.849
     21        4.310
     22        3.836
     23        3.816
     24        3.716

State 22 - Heavy atoms (mean = 3.816)
 Pair #          RMS
----------------------
      1        4.617
      2        3.749
      3        2.931
      4        4.454
      5        3.603
      6        2.190
      7        4.102
      8        4.598
      9        3.347
     10        4.418
     11        4.316
     12        3.656
     13        3.993
     14        3.486
     15        3.797
     16        3.589
     17        4.077
     18        3.782
     19        3.872
     20        3.800
     21        4.270
     22        3.711
     23        3.700
     24        3.524
------------------------------------------------------------

State 23 - All atoms (mean = 2.858)
 Pair #          RMS
----------------------
      1        3.626
      2        2.696
      3        3.219
      4        2.788
      5        2.147
      6        4.202
      7        2.767
      8        3.564
      9        2.545
     10        2.533
     11        2.923
     12        2.640
     13        2.843
     14        2.664
     15        2.605
     16        2.506
     17        2.913
     18        2.429
     19        2.420
     20        2.886
     21        2.976
     22        3.836
     23        2.254
     24        2.601

State 23 - Heavy atoms (mean = 2.614)
 Pair #          RMS
----------------------
      1        3.459
      2        2.450
      3        3.037
      4        2.483
      5        1.894
      6        4.072
      7        2.489
      8        3.428
      9        2.305
     10        2.205
     11        2.674
     12        2.384
     13        2.588
     14        2.375
     15        2.364
     16        2.327
     17        2.619
     18        2.047
     19        2.186
     20        2.585
     21        2.692
     22        3.711
     23        1.968
     24        2.401
------------------------------------------------------------

State 24 - All atoms (mean = 2.660)
 Pair #          RMS
----------------------
      1        3.517
      2        2.295
      3        2.881
      4        2.882
      5        1.961
      6        4.152
      7        2.498
      8        3.342
      9        2.120
     10        2.266
     11        3.025
     12        2.361
     13        2.290
     14        2.497
     15        1.958
     16        2.282
     17        2.680
     18        2.499
     19        2.173
     20        3.138
     21        2.773
     22        3.816
     23        2.254
     24        2.179

State 24 - Heavy atoms (mean = 2.430)
 Pair #          RMS
----------------------
      1        3.404
      2        2.023
      3        2.626
      4        2.708
      5        1.682
      6        4.075
      7        2.191
      8        3.294
      9        1.872
     10        2.005
     11        2.903
     12        2.067
     13        1.987
     14        2.204
     15        1.741
     16        2.037
     17        2.389
     18        2.181
     19        1.926
     20        2.914
     21        2.497
     22        3.700
     23        1.968
     24        1.932
------------------------------------------------------------

State 25 - All atoms (mean = 2.806)
 Pair #          RMS
----------------------
      1        3.412
      2        2.218
      3        2.655
      4        3.399
      5        2.321
      6        3.995
      7        2.764
      8        3.270
      9        2.472
     10        2.632
     11        3.398
     12        2.537
     13        2.108
     14        2.692
     15        2.221
     16        2.464
     17        2.667
     18        2.802
     19        2.391
     20        3.434
     21        2.987
     22        3.716
     23        2.601
     24        2.179

State 25 - Heavy atoms (mean = 2.535)
 Pair #          RMS
----------------------
      1        3.214
      2        1.876
      3        2.261
      4        3.227
      5        2.041
      6        3.857
      7        2.458
      8        3.076
      9        2.156
     10        2.393
     11        3.330
     12        2.171
     13        1.784
     14        2.299
     15        1.861
     16        2.101
     17        2.370
     18        2.567
     19        2.050
     20        3.233
     21        2.659
     22        3.524
     23        2.401
     24        1.932
------------------------------------------------------------
========================================================

