
*****************************
* RMS Statistics Calculator *
*****************************

The level of detail in this report has been set to => 2 (full detail)

############ Data selection ############

xxxxxxxxxxxxxxxxxxxxxxxxxxxxxxxxxxxxxxxx
Resolved selection: (1A1T) and (chain A and backbone)
States inspected: 25
Atoms selected:
  All: 274
  Heavy (no H): 220
xxxxxxxxxxxxxxxxxxxxxxxxxxxxxxxxxxxxxxxx

########################################

======================== RMS Summary ========================
Mode              #atoms   #values       mean         sd
------------------------------------------------------------
All atoms            274       600      2.031      0.822
Heavy atoms          220       600      2.050      0.854
------------------------------------------------------------
Average RMS per state (showing NaN where unavailable):

All atoms:
State     Mean RMS     #pairs
----------------------------------
    1        2.371         24
    2        1.638         24
    3        2.177         24
    4        2.223         24
    5        1.660         24
    6        3.579         24
    7        1.716         24
    8        2.584         24
    9        1.688         24
   10        1.801         24
   11        2.570         24
   12        1.637         24
   13        1.847         24
   14        1.640         24
   15        1.792         24
   16        1.799         24
   17        1.805         24
   18        1.742         24
   19        1.613         24
   20        2.161         24
   21        1.824         24
   22        3.243         24
   23        1.892         24
   24        1.853         24
   25        1.910         24

Heavy atoms (no H):
State     Mean RMS     #pairs
----------------------------------
    1        2.416         24
    2        1.664         24
    3        2.212         24
    4        2.254         24
    5        1.662         24
    6        3.640         24
    7        1.731         24
    8        2.653         24
    9        1.693         24
   10        1.805         24
   11        2.617         24
   12        1.619         24
   13        1.835         24
   14        1.651         24
   15        1.815         24
   16        1.802         24
   17        1.806         24
   18        1.731         24
   19        1.613         24
   20        2.193         24
   21        1.841         24
   22        3.300         24
   23        1.907         24
   24        1.865         24
   25        1.917         24
------------------------------------------------------------
Detailed per-state individual pair RMS values:

State 1 - All atoms (mean = 2.371)
 Pair #          RMS
----------------------
      1        1.947
      2        2.845
      3        2.152
      4        2.249
      5        4.412
      6        1.591
      7        1.034
      8        2.493
      9        1.855
     10        2.887
     11        2.000
     12        2.276
     13        2.051
     14        2.298
     15        2.122
     16        2.065
     17        2.319
     18        1.931
     19        2.543
     20        1.676
     21        4.157
     22        2.649
     23        2.764
     24        2.599

State 1 - Heavy atoms (mean = 2.416)
 Pair #          RMS
----------------------
      1        1.994
      2        2.909
      3        2.228
      4        2.293
      5        4.516
      6        1.655
      7        1.033
      8        2.543
      9        1.878
     10        2.966
     11        2.042
     12        2.216
     13        2.086
     14        2.342
     15        2.157
     16        2.131
     17        2.358
     18        1.966
     19        2.615
     20        1.701
     21        4.267
     22        2.664
     23        2.822
     24        2.598
------------------------------------------------------------

State 2 - All atoms (mean = 1.638)
 Pair #          RMS
----------------------
      1        1.947
      2        1.518
      3        2.111
      4        1.270
      5        3.380
      6        1.261
      7        2.162
      8        1.112
      9        1.543
     10        2.605
     11        1.034
     12        1.242
     13        1.055
     14        1.275
     15        1.113
     16        1.189
     17        1.429
     18        1.061
     19        2.126
     20        1.549
     21        3.031
     22        1.648
     23        1.517
     24        1.126

State 2 - Heavy atoms (mean = 1.664)
 Pair #          RMS
----------------------
      1        1.994
      2        1.572
      3        2.173
      4        1.244
      5        3.465
      6        1.296
      7        2.223
      8        1.150
      9        1.560
     10        2.667
     11        0.997
     12        1.151
     13        1.075
     14        1.284
     15        1.143
     16        1.229
     17        1.438
     18        1.087
     19        2.198
     20        1.578
     21        3.096
     22        1.698
     23        1.529
     24        1.083
------------------------------------------------------------

State 3 - All atoms (mean = 2.177)
 Pair #          RMS
----------------------
      1        2.845
      2        1.518
      3        3.115
      4        2.130
      5        3.165
      6        2.169
      7        3.100
      8        1.504
      9        2.520
     10        3.578
     11        1.600
     12        1.858
     13        1.437
     14        1.563
     15        1.383
     16        1.645
     17        2.258
     18        1.654
     19        2.881
     20        2.133
     21        2.699
     22        2.229
     23        1.982
     24        1.277

State 3 - Heavy atoms (mean = 2.212)
 Pair #          RMS
----------------------
      1        2.909
      2        1.572
      3        3.202
      4        2.144
      5        3.240
      6        2.241
      7        3.211
      8        1.537
      9        2.547
     10        3.660
     11        1.561
     12        1.852
     13        1.425
     14        1.564
     15        1.394
     16        1.661
     17        2.259
     18        1.655
     19        2.965
     20        2.159
     21        2.730
     22        2.319
     23        2.006
     24        1.271
------------------------------------------------------------

State 4 - All atoms (mean = 2.223)
 Pair #          RMS
----------------------
      1        2.152
      2        2.111
      3        3.115
      4        1.780
      5        4.100
      6        1.558
      7        2.257
      8        2.118
      9        1.419
     10        1.685
     11        2.103
     12        2.476
     13        2.106
     14        2.516
     15        2.319
     16        2.105
     17        1.515
     18        1.969
     19        1.474
     20        1.764
     21        3.966
     22        1.771
     23        2.161
     24        2.800

State 4 - Heavy atoms (mean = 2.254)
 Pair #          RMS
----------------------
      1        2.228
      2        2.173
      3        3.202
      4        1.782
      5        4.178
      6        1.556
      7        2.347
      8        2.153
      9        1.421
     10        1.661
     11        2.141
     12        2.461
     13        2.178
     14        2.570
     15        2.357
     16        2.162
     17        1.525
     18        2.042
     19        1.450
     20        1.786
     21        4.048
     22        1.688
     23        2.160
     24        2.838
------------------------------------------------------------

State 5 - All atoms (mean = 1.660)
 Pair #          RMS
----------------------
      1        2.249
      2        1.270
      3        2.130
      4        1.780
      5        3.557
      6        1.237
      7        2.522
      8        1.361
      9        1.083
     10        1.941
     11        1.267
     12        1.197
     13        1.295
     14        1.375
     15        1.559
     16        1.574
     17        1.066
     18        1.277
     19        1.724
     20        1.463
     21        3.133
     22        1.144
     23        1.068
     24        1.559

State 5 - Heavy atoms (mean = 1.662)
 Pair #          RMS
----------------------
      1        2.293
      2        1.244
      3        2.144
      4        1.782
      5        3.642
      6        1.192
      7        2.588
      8        1.326
      9        1.111
     10        2.023
     11        1.198
     12        1.203
     13        1.282
     14        1.390
     15        1.487
     16        1.505
     17        1.043
     18        1.225
     19        1.759
     20        1.465
     21        3.206
     22        1.173
     23        1.032
     24        1.573
------------------------------------------------------------

State 6 - All atoms (mean = 3.579)
 Pair #          RMS
----------------------
      1        4.412
      2        3.380
      3        3.165
      4        4.100
      5        3.557
      6        3.990
      7        4.200
      8        3.058
      9        3.942
     10        3.541
     11        3.691
     12        3.792
     13        3.681
     14        3.612
     15        3.830
     16        3.779
     17        3.446
     18        3.678
     19        3.322
     20        4.277
     21        1.402
     22        3.327
     23        3.536
     24        3.173

State 6 - Heavy atoms (mean = 3.640)
 Pair #          RMS
----------------------
      1        4.516
      2        3.465
      3        3.240
      4        4.178
      5        3.642
      6        4.072
      7        4.290
      8        3.081
      9        4.010
     10        3.576
     11        3.704
     12        3.865
     13        3.750
     14        3.663
     15        3.903
     16        3.842
     17        3.514
     18        3.720
     19        3.385
     20        4.343
     21        1.370
     22        3.393
     23        3.586
     24        3.246
------------------------------------------------------------

State 7 - All atoms (mean = 1.716)
 Pair #          RMS
----------------------
      1        1.591
      2        1.261
      3        2.169
      4        1.558
      5        1.237
      6        3.990
      7        1.888
      8        1.474
      9        1.155
     10        2.370
     11        1.143
     12        1.566
     13        1.251
     14        1.629
     15        1.462
     16        1.354
     17        1.402
     18        1.049
     19        1.893
     20        0.787
     21        3.639
     22        1.795
     23        1.630
     24        1.903

State 7 - Heavy atoms (mean = 1.731)
 Pair #          RMS
----------------------
      1        1.655
      2        1.296
      3        2.241
      4        1.556
      5        1.192
      6        4.072
      7        1.979
      8        1.490
      9        1.130
     10        2.380
     11        1.130
     12        1.511
     13        1.267
     14        1.674
     15        1.475
     16        1.383
     17        1.341
     18        1.078
     19        1.899
     20        0.783
     21        3.712
     22        1.775
     23        1.607
     24        1.924
------------------------------------------------------------

State 8 - All atoms (mean = 2.584)
 Pair #          RMS
----------------------
      1        1.034
      2        2.162
      3        3.100
      4        2.257
      5        2.522
      6        4.200
      7        1.888
      8        2.623
      9        2.189
     10        2.856
     11        2.383
     12        2.478
     13        2.485
     14        2.546
     15        2.539
     16        2.521
     17        2.564
     18        2.331
     19        2.673
     20        2.128
     21        4.042
     22        2.810
     23        2.945
     24        2.734

State 8 - Heavy atoms (mean = 2.653)
 Pair #          RMS
----------------------
      1        1.033
      2        2.223
      3        3.211
      4        2.347
      5        2.588
      6        4.290
      7        1.979
      8        2.697
      9        2.245
     10        2.911
     11        2.452
     12        2.459
     13        2.554
     14        2.643
     15        2.633
     16        2.637
     17        2.619
     18        2.424
     19        2.737
     20        2.199
     21        4.138
     22        2.838
     23        3.038
     24        2.775
------------------------------------------------------------

State 9 - All atoms (mean = 1.688)
 Pair #          RMS
----------------------
      1        2.493
      2        1.112
      3        1.504
      4        2.118
      5        1.361
      6        3.058
      7        1.474
      8        2.623
      9        1.689
     10        2.452
     11        1.175
     12        1.539
     13        1.142
     14        1.306
     15        1.440
     16        1.299
     17        1.305
     18        1.086
     19        1.882
     20        1.665
     21        2.727
     22        1.508
     23        1.323
     24        1.230

State 9 - Heavy atoms (mean = 1.693)
 Pair #          RMS
----------------------
      1        2.543
      2        1.150
      3        1.537
      4        2.153
      5        1.326
      6        3.081
      7        1.490
      8        2.697
      9        1.711
     10        2.464
     11        1.073
     12        1.532
     13        1.142
     14        1.293
     15        1.426
     16        1.300
     17        1.281
     18        1.105
     19        1.875
     20        1.675
     21        2.699
     22        1.530
     23        1.288
     24        1.257
------------------------------------------------------------

State 10 - All atoms (mean = 1.801)
 Pair #          RMS
----------------------
      1        1.855
      2        1.543
      3        2.520
      4        1.419
      5        1.083
      6        3.942
      7        1.155
      8        2.189
      9        1.689
     10        1.905
     11        1.594
     12        1.492
     13        1.554
     14        1.660
     15        1.863
     16        1.659
     17        1.110
     18        1.285
     19        1.655
     20        1.260
     21        3.720
     22        1.460
     23        1.632
     24        1.992

State 10 - Heavy atoms (mean = 1.805)
 Pair #          RMS
----------------------
      1        1.878
      2        1.560
      3        2.547
      4        1.421
      5        1.111
      6        4.010
      7        1.130
      8        2.245
      9        1.711
     10        1.951
     11        1.553
     12        1.461
     13        1.565
     14        1.669
     15        1.823
     16        1.640
     17        1.098
     18        1.270
     19        1.619
     20        1.232
     21        3.774
     22        1.427
     23        1.607
     24        2.021
------------------------------------------------------------

State 11 - All atoms (mean = 2.570)
 Pair #          RMS
----------------------
      1        2.887
      2        2.605
      3        3.578
      4        1.685
      5        1.941
      6        3.541
      7        2.370
      8        2.856
      9        2.452
     10        1.905
     11        2.609
     12        2.702
     13        2.736
     14        2.831
     15        3.023
     16        2.837
     17        1.736
     18        2.625
     19        1.328
     20        2.640
     21        3.457
     22        1.979
     23        2.334
     24        3.020

State 11 - Heavy atoms (mean = 2.617)
 Pair #          RMS
----------------------
      1        2.966
      2        2.667
      3        3.660
      4        1.661
      5        2.023
      6        3.576
      7        2.380
      8        2.911
      9        2.464
     10        1.951
     11        2.673
     12        2.777
     13        2.828
     14        2.927
     15        3.083
     16        2.861
     17        1.790
     18        2.679
     19        1.257
     20        2.706
     21        3.526
     22        1.951
     23        2.400
     24        3.099
------------------------------------------------------------

State 12 - All atoms (mean = 1.637)
 Pair #          RMS
----------------------
      1        2.000
      2        1.034
      3        1.600
      4        2.103
      5        1.267
      6        3.691
      7        1.143
      8        2.383
      9        1.175
     10        1.594
     11        2.609
     12        1.413
     13        0.743
     14        1.222
     15        0.917
     16        1.046
     17        1.471
     18        0.872
     19        1.987
     20        1.173
     21        3.125
     22        1.741
     23        1.433
     24        1.557

State 12 - Heavy atoms (mean = 1.619)
 Pair #          RMS
----------------------
      1        2.042
      2        0.997
      3        1.561
      4        2.141
      5        1.198
      6        3.704
      7        1.130
      8        2.452
      9        1.073
     10        1.553
     11        2.673
     12        1.341
     13        0.667
     14        1.200
     15        0.912
     16        0.996
     17        1.389
     18        0.793
     19        2.043
     20        1.202
     21        3.160
     22        1.728
     23        1.449
     24        1.464
------------------------------------------------------------

State 13 - All atoms (mean = 1.847)
 Pair #          RMS
----------------------
      1        2.276
      2        1.242
      3        1.858
      4        2.476
      5        1.197
      6        3.792
      7        1.566
      8        2.478
      9        1.539
     10        1.492
     11        2.702
     12        1.413
     13        1.452
     14        0.991
     15        1.523
     16        1.770
     17        1.691
     18        1.445
     19        2.442
     20        1.576
     21        3.311
     22        1.663
     23        1.293
     24        1.144

State 13 - Heavy atoms (mean = 1.835)
 Pair #          RMS
----------------------
      1        2.216
      2        1.151
      3        1.852
      4        2.461
      5        1.203
      6        3.865
      7        1.511
      8        2.459
      9        1.532
     10        1.461
     11        2.777
     12        1.341
     13        1.411
     14        1.007
     15        1.464
     16        1.682
     17        1.651
     18        1.364
     19        2.462
     20        1.549
     21        3.385
     22        1.735
     23        1.333
     24        1.159
------------------------------------------------------------

State 14 - All atoms (mean = 1.640)
 Pair #          RMS
----------------------
      1        2.051
      2        1.055
      3        1.437
      4        2.106
      5        1.295
      6        3.681
      7        1.251
      8        2.485
      9        1.142
     10        1.554
     11        2.736
     12        0.743
     13        1.452
     14        1.252
     15        0.936
     16        0.970
     17        1.403
     18        0.806
     19        2.048
     20        1.123
     21        3.184
     22        1.633
     23        1.546
     24        1.460

State 14 - Heavy atoms (mean = 1.651)
 Pair #          RMS
----------------------
      1        2.086
      2        1.075
      3        1.425
      4        2.178
      5        1.282
      6        3.750
      7        1.267
      8        2.554
      9        1.142
     10        1.565
     11        2.828
     12        0.667
     13        1.411
     14        1.239
     15        0.883
     16        0.930
     17        1.391
     18        0.760
     19        2.144
     20        1.141
     21        3.242
     22        1.688
     23        1.557
     24        1.420
------------------------------------------------------------

State 15 - All atoms (mean = 1.792)
 Pair #          RMS
----------------------
      1        2.298
      2        1.275
      3        1.563
      4        2.516
      5        1.375
      6        3.612
      7        1.629
      8        2.546
      9        1.306
     10        1.660
     11        2.831
     12        1.222
     13        0.991
     14        1.252
     15        1.248
     16        1.603
     17        1.732
     18        1.168
     19        2.421
     20        1.589
     21        3.120
     22        1.683
     23        1.341
     24        1.028

State 15 - Heavy atoms (mean = 1.815)
 Pair #          RMS
----------------------
      1        2.342
      2        1.284
      3        1.564
      4        2.570
      5        1.390
      6        3.663
      7        1.674
      8        2.643
      9        1.293
     10        1.669
     11        2.927
     12        1.200
     13        1.007
     14        1.239
     15        1.249
     16        1.586
     17        1.735
     18        1.127
     19        2.492
     20        1.636
     21        3.176
     22        1.731
     23        1.376
     24        0.995
------------------------------------------------------------

State 16 - All atoms (mean = 1.799)
 Pair #          RMS
----------------------
      1        2.122
      2        1.113
      3        1.383
      4        2.319
      5        1.559
      6        3.830
      7        1.462
      8        2.539
      9        1.440
     10        1.863
     11        3.023
     12        0.917
     13        1.523
     14        0.936
     15        1.248
     16        1.084
     17        1.753
     18        1.089
     19        2.420
     20        1.399
     21        3.328
     22        1.813
     23        1.541
     24        1.479

State 16 - Heavy atoms (mean = 1.802)
 Pair #          RMS
----------------------
      1        2.157
      2        1.143
      3        1.394
      4        2.357
      5        1.487
      6        3.903
      7        1.475
      8        2.633
      9        1.426
     10        1.823
     11        3.083
     12        0.912
     13        1.464
     14        0.883
     15        1.249
     16        1.051
     17        1.697
     18        1.045
     19        2.486
     20        1.398
     21        3.411
     22        1.815
     23        1.545
     24        1.414
------------------------------------------------------------

State 17 - All atoms (mean = 1.805)
 Pair #          RMS
----------------------
      1        2.065
      2        1.189
      3        1.645
      4        2.105
      5        1.574
      6        3.779
      7        1.354
      8        2.521
      9        1.299
     10        1.659
     11        2.837
     12        1.046
     13        1.770
     14        0.970
     15        1.603
     16        1.084
     17        1.634
     18        0.903
     19        2.055
     20        1.329
     21        3.415
     22        1.928
     23        1.842
     24        1.710

State 17 - Heavy atoms (mean = 1.806)
 Pair #          RMS
----------------------
      1        2.131
      2        1.229
      3        1.661
      4        2.162
      5        1.505
      6        3.842
      7        1.383
      8        2.637
      9        1.300
     10        1.640
     11        2.861
     12        0.996
     13        1.682
     14        0.930
     15        1.586
     16        1.051
     17        1.587
     18        0.918
     19        2.086
     20        1.317
     21        3.464
     22        1.919
     23        1.797
     24        1.660
------------------------------------------------------------

State 18 - All atoms (mean = 1.742)
 Pair #          RMS
----------------------
      1        2.319
      2        1.429
      3        2.258
      4        1.515
      5        1.066
      6        3.446
      7        1.402
      8        2.564
      9        1.305
     10        1.110
     11        1.736
     12        1.471
     13        1.691
     14        1.403
     15        1.732
     16        1.753
     17        1.634
     18        1.362
     19        1.370
     20        1.573
     21        3.148
     22        1.269
     23        1.378
     24        1.880

State 18 - Heavy atoms (mean = 1.731)
 Pair #          RMS
----------------------
      1        2.358
      2        1.438
      3        2.259
      4        1.525
      5        1.043
      6        3.514
      7        1.341
      8        2.619
      9        1.281
     10        1.098
     11        1.790
     12        1.389
     13        1.651
     14        1.391
     15        1.735
     16        1.697
     17        1.587
     18        1.348
     19        1.347
     20        1.518
     21        3.190
     22        1.223
     23        1.319
     24        1.891
------------------------------------------------------------

State 19 - All atoms (mean = 1.613)
 Pair #          RMS
----------------------
      1        1.931
      2        1.061
      3        1.654
      4        1.969
      5        1.277
      6        3.678
      7        1.049
      8        2.331
      9        1.086
     10        1.285
     11        2.625
     12        0.872
     13        1.445
     14        0.806
     15        1.168
     16        1.089
     17        0.903
     18        1.362
     19        1.999
     20        1.125
     21        3.341
     22        1.672
     23        1.544
     24        1.432

State 19 - Heavy atoms (mean = 1.613)
 Pair #          RMS
----------------------
      1        1.966
      2        1.087
      3        1.655
      4        2.042
      5        1.225
      6        3.720
      7        1.078
      8        2.424
      9        1.105
     10        1.270
     11        2.679
     12        0.793
     13        1.364
     14        0.760
     15        1.127
     16        1.045
     17        0.918
     18        1.348
     19        2.042
     20        1.120
     21        3.369
     22        1.675
     23        1.515
     24        1.390
------------------------------------------------------------

State 20 - All atoms (mean = 2.161)
 Pair #          RMS
----------------------
      1        2.543
      2        2.126
      3        2.881
      4        1.474
      5        1.724
      6        3.322
      7        1.893
      8        2.673
      9        1.882
     10        1.655
     11        1.328
     12        1.987
     13        2.442
     14        2.048
     15        2.421
     16        2.420
     17        2.055
     18        1.370
     19        1.999
     20        2.070
     21        3.123
     22        1.696
     23        2.127
     24        2.617

State 20 - Heavy atoms (mean = 2.193)
 Pair #          RMS
----------------------
      1        2.615
      2        2.198
      3        2.965
      4        1.450
      5        1.759
      6        3.385
      7        1.899
      8        2.737
      9        1.875
     10        1.619
     11        1.257
     12        2.043
     13        2.462
     14        2.144
     15        2.492
     16        2.486
     17        2.086
     18        1.347
     19        2.042
     20        2.103
     21        3.223
     22        1.646
     23        2.137
     24        2.663
------------------------------------------------------------

State 21 - All atoms (mean = 1.824)
 Pair #          RMS
----------------------
      1        1.676
      2        1.549
      3        2.133
      4        1.764
      5        1.463
      6        4.277
      7        0.787
      8        2.128
      9        1.665
     10        1.260
     11        2.640
     12        1.173
     13        1.576
     14        1.123
     15        1.589
     16        1.399
     17        1.329
     18        1.573
     19        1.125
     20        2.070
     21        3.838
     22        1.876
     23        1.726
     24        2.035

State 21 - Heavy atoms (mean = 1.841)
 Pair #          RMS
----------------------
      1        1.701
      2        1.578
      3        2.159
      4        1.786
      5        1.465
      6        4.343
      7        0.783
      8        2.199
      9        1.675
     10        1.232
     11        2.706
     12        1.202
     13        1.549
     14        1.141
     15        1.636
     16        1.398
     17        1.317
     18        1.518
     19        1.120
     20        2.103
     21        3.915
     22        1.874
     23        1.744
     24        2.040
------------------------------------------------------------

State 22 - All atoms (mean = 3.243)
 Pair #          RMS
----------------------
      1        4.157
      2        3.031
      3        2.699
      4        3.966
      5        3.133
      6        1.402
      7        3.639
      8        4.042
      9        2.727
     10        3.720
     11        3.457
     12        3.125
     13        3.311
     14        3.184
     15        3.120
     16        3.328
     17        3.415
     18        3.148
     19        3.341
     20        3.123
     21        3.838
     22        3.056
     23        3.060
     24        2.821

State 22 - Heavy atoms (mean = 3.300)
 Pair #          RMS
----------------------
      1        4.267
      2        3.096
      3        2.730
      4        4.048
      5        3.206
      6        1.370
      7        3.712
      8        4.138
      9        2.699
     10        3.774
     11        3.526
     12        3.160
     13        3.385
     14        3.242
     15        3.176
     16        3.411
     17        3.464
     18        3.190
     19        3.369
     20        3.223
     21        3.915
     22        3.126
     23        3.127
     24        2.853
------------------------------------------------------------

State 23 - All atoms (mean = 1.892)
 Pair #          RMS
----------------------
      1        2.649
      2        1.648
      3        2.229
      4        1.771
      5        1.144
      6        3.327
      7        1.795
      8        2.810
      9        1.508
     10        1.460
     11        1.979
     12        1.741
     13        1.663
     14        1.633
     15        1.683
     16        1.813
     17        1.928
     18        1.269
     19        1.672
     20        1.696
     21        1.876
     22        3.056
     23        1.269
     24        1.786

State 23 - Heavy atoms (mean = 1.907)
 Pair #          RMS
----------------------
      1        2.664
      2        1.698
      3        2.319
      4        1.688
      5        1.173
      6        3.393
      7        1.775
      8        2.838
      9        1.530
     10        1.427
     11        1.951
     12        1.728
     13        1.735
     14        1.688
     15        1.731
     16        1.815
     17        1.919
     18        1.223
     19        1.675
     20        1.646
     21        1.874
     22        3.126
     23        1.278
     24        1.882
------------------------------------------------------------

State 24 - All atoms (mean = 1.853)
 Pair #          RMS
----------------------
      1        2.764
      2        1.517
      3        1.982
      4        2.161
      5        1.068
      6        3.536
      7        1.630
      8        2.945
      9        1.323
     10        1.632
     11        2.334
     12        1.433
     13        1.293
     14        1.546
     15        1.341
     16        1.541
     17        1.842
     18        1.378
     19        1.544
     20        2.127
     21        1.726
     22        3.060
     23        1.269
     24        1.482

State 24 - Heavy atoms (mean = 1.865)
 Pair #          RMS
----------------------
      1        2.822
      2        1.529
      3        2.006
      4        2.160
      5        1.032
      6        3.586
      7        1.607
      8        3.038
      9        1.288
     10        1.607
     11        2.400
     12        1.449
     13        1.333
     14        1.557
     15        1.376
     16        1.545
     17        1.797
     18        1.319
     19        1.515
     20        2.137
     21        1.744
     22        3.127
     23        1.278
     24        1.497
------------------------------------------------------------

State 25 - All atoms (mean = 1.910)
 Pair #          RMS
----------------------
      1        2.599
      2        1.126
      3        1.277
      4        2.800
      5        1.559
      6        3.173
      7        1.903
      8        2.734
      9        1.230
     10        1.992
     11        3.020
     12        1.557
     13        1.144
     14        1.460
     15        1.028
     16        1.479
     17        1.710
     18        1.880
     19        1.432
     20        2.617
     21        2.035
     22        2.821
     23        1.786
     24        1.482

State 25 - Heavy atoms (mean = 1.917)
 Pair #          RMS
----------------------
      1        2.598
      2        1.083
      3        1.271
      4        2.838
      5        1.573
      6        3.246
      7        1.924
      8        2.775
      9        1.257
     10        2.021
     11        3.099
     12        1.464
     13        1.159
     14        1.420
     15        0.995
     16        1.414
     17        1.660
     18        1.891
     19        1.390
     20        2.663
     21        2.040
     22        2.853
     23        1.882
     24        1.497
------------------------------------------------------------
========================================================

