
*****************************
* RMS Statistics Calculator *
*****************************

The level of detail in this report has been set to => 2 (full detail)

############ Data selection ############

xxxxxxxxxxxxxxxxxxxxxxxxxxxxxxxxxxxxxxxx
Resolved selection: (multi.min) and (not resn LDP)
States inspected: 30
Atoms selected:
  All: 868
  Heavy (no H): 560
xxxxxxxxxxxxxxxxxxxxxxxxxxxxxxxxxxxxxxxx

########################################

======================== RMS Summary ========================
Mode              #atoms   #values       mean         sd
------------------------------------------------------------
All atoms            868       870      1.330      0.360
Heavy atoms          560       870      1.278      0.349
------------------------------------------------------------
Average RMS per state (showing NaN where unavailable):

All atoms:
State     Mean RMS     #pairs
----------------------------------
    1        1.593         29
    2        1.313         29
    3        1.293         29
    4        1.622         29
    5        1.193         29
    6        1.280         29
    7        1.217         29
    8        1.470         29
    9        1.342         29
   10        1.205         29
   11        1.295         29
   12        1.368         29
   13        1.165         29
   14        1.341         29
   15        1.247         29
   16        1.593         29
   17        1.313         29
   18        1.293         29
   19        1.622         29
   20        1.193         29
   21        1.280         29
   22        1.217         29
   23        1.470         29
   24        1.342         29
   25        1.205         29
   26        1.295         29
   27        1.368         29
   28        1.165         29
   29        1.341         29
   30        1.247         29

Heavy atoms (no H):
State     Mean RMS     #pairs
----------------------------------
    1        1.511         29
    2        1.267         29
    3        1.237         29
    4        1.583         29
    5        1.142         29
    6        1.234         29
    7        1.161         29
    8        1.389         29
    9        1.300         29
   10        1.154         29
   11        1.253         29
   12        1.302         29
   13        1.113         29
   14        1.307         29
   15        1.215         29
   16        1.511         29
   17        1.267         29
   18        1.237         29
   19        1.583         29
   20        1.142         29
   21        1.234         29
   22        1.161         29
   23        1.389         29
   24        1.300         29
   25        1.154         29
   26        1.253         29
   27        1.302         29
   28        1.113         29
   29        1.307         29
   30        1.215         29
------------------------------------------------------------
Detailed per-state individual pair RMS values:

State 1 - All atoms (mean = 1.593)
 Pair #          RMS
----------------------
      1        1.450
      2        1.668
      3        1.574
      4        1.732
      5        1.882
      6        1.812
      7        1.460
      8        1.721
      9        1.723
     10        1.924
     11        1.408
     12        1.699
     13        1.403
     14        1.644
     15        0.000
     16        1.450
     17        1.668
     18        1.574
     19        1.732
     20        1.882
     21        1.812
     22        1.460
     23        1.721
     24        1.723
     25        1.924
     26        1.408
     27        1.699
     28        1.403
     29        1.644

State 1 - Heavy atoms (mean = 1.511)
 Pair #          RMS
----------------------
      1        1.316
      2        1.578
      3        1.487
      4        1.626
      5        1.809
      6        1.703
      7        1.414
      8        1.605
      9        1.642
     10        1.844
     11        1.388
     12        1.606
     13        1.295
     14        1.590
     15        0.000
     16        1.316
     17        1.578
     18        1.487
     19        1.626
     20        1.809
     21        1.703
     22        1.414
     23        1.605
     24        1.642
     25        1.844
     26        1.388
     27        1.606
     28        1.295
     29        1.590
------------------------------------------------------------

State 2 - All atoms (mean = 1.313)
 Pair #          RMS
----------------------
      1        1.450
      2        1.486
      3        1.209
      4        1.298
      5        1.515
      6        1.268
      7        1.619
      8        1.318
      9        1.204
     10        1.497
     11        1.514
     12        1.258
     13        1.133
     14        1.274
     15        1.450
     16        0.000
     17        1.486
     18        1.209
     19        1.298
     20        1.515
     21        1.268
     22        1.619
     23        1.318
     24        1.204
     25        1.497
     26        1.514
     27        1.258
     28        1.133
     29        1.274

State 2 - Heavy atoms (mean = 1.267)
 Pair #          RMS
----------------------
      1        1.316
      2        1.425
      3        1.171
      4        1.254
      5        1.483
      6        1.230
      7        1.525
      8        1.297
      9        1.174
     10        1.491
     11        1.458
     12        1.225
     13        1.091
     14        1.236
     15        1.316
     16        0.000
     17        1.425
     18        1.171
     19        1.254
     20        1.483
     21        1.230
     22        1.525
     23        1.297
     24        1.174
     25        1.491
     26        1.458
     27        1.225
     28        1.091
     29        1.236
------------------------------------------------------------

State 3 - All atoms (mean = 1.293)
 Pair #          RMS
----------------------
      1        1.668
      2        1.486
      3        1.801
      4        1.188
      5        1.227
      6        1.068
      7        1.480
      8        1.311
      9        1.159
     10        1.186
     11        1.477
     12        1.060
     13        1.420
     14        1.225
     15        1.668
     16        1.486
     17        0.000
     18        1.801
     19        1.188
     20        1.227
     21        1.068
     22        1.480
     23        1.311
     24        1.159
     25        1.186
     26        1.477
     27        1.060
     28        1.420
     29        1.225

State 3 - Heavy atoms (mean = 1.237)
 Pair #          RMS
----------------------
      1        1.578
      2        1.425
      3        1.763
      4        1.121
      5        1.187
      6        0.987
      7        1.434
      8        1.261
      9        1.079
     10        1.119
     11        1.410
     12        1.015
     13        1.350
     14        1.209
     15        1.578
     16        1.425
     17        0.000
     18        1.763
     19        1.121
     20        1.187
     21        0.987
     22        1.434
     23        1.261
     24        1.079
     25        1.119
     26        1.410
     27        1.015
     28        1.350
     29        1.209
------------------------------------------------------------

State 4 - All atoms (mean = 1.622)
 Pair #          RMS
----------------------
      1        1.574
      2        1.209
      3        1.801
      4        1.714
      5        1.772
      6        1.611
      7        2.004
      8        1.831
      9        1.659
     10        1.979
     11        1.877
     12        1.724
     13        1.351
     14        1.418
     15        1.574
     16        1.209
     17        1.801
     18        0.000
     19        1.714
     20        1.772
     21        1.611
     22        2.004
     23        1.831
     24        1.659
     25        1.979
     26        1.877
     27        1.724
     28        1.351
     29        1.418

State 4 - Heavy atoms (mean = 1.583)
 Pair #          RMS
----------------------
      1        1.487
      2        1.171
      3        1.763
      4        1.674
      5        1.737
      6        1.586
      7        1.936
      8        1.786
      9        1.642
     10        1.958
     11        1.836
     12        1.678
     13        1.314
     14        1.388
     15        1.487
     16        1.171
     17        1.763
     18        0.000
     19        1.674
     20        1.737
     21        1.586
     22        1.936
     23        1.786
     24        1.642
     25        1.958
     26        1.836
     27        1.678
     28        1.314
     29        1.388
------------------------------------------------------------

State 5 - All atoms (mean = 1.193)
 Pair #          RMS
----------------------
      1        1.732
      2        1.298
      3        1.188
      4        1.714
      5        0.983
      6        1.003
      7        1.490
      8        1.260
      9        1.021
     10        0.933
     11        1.294
     12        0.949
     13        1.280
     14        1.151
     15        1.732
     16        1.298
     17        1.188
     18        1.714
     19        0.000
     20        0.983
     21        1.003
     22        1.490
     23        1.260
     24        1.021
     25        0.933
     26        1.294
     27        0.949
     28        1.280
     29        1.151

State 5 - Heavy atoms (mean = 1.142)
 Pair #          RMS
----------------------
      1        1.626
      2        1.254
      3        1.121
      4        1.674
      5        0.963
      6        0.944
      7        1.393
      8        1.235
      9        0.975
     10        0.912
     11        1.197
     12        0.907
     13        1.251
     14        1.112
     15        1.626
     16        1.254
     17        1.121
     18        1.674
     19        0.000
     20        0.963
     21        0.944
     22        1.393
     23        1.235
     24        0.975
     25        0.912
     26        1.197
     27        0.907
     28        1.251
     29        1.112
------------------------------------------------------------

State 6 - All atoms (mean = 1.280)
 Pair #          RMS
----------------------
      1        1.882
      2        1.515
      3        1.227
      4        1.772
      5        0.983
      6        1.033
      7        1.506
      8        1.480
      9        0.989
     10        1.064
     11        1.294
     12        1.100
     13        1.534
     14        1.177
     15        1.882
     16        1.515
     17        1.227
     18        1.772
     19        0.983
     20        0.000
     21        1.033
     22        1.506
     23        1.480
     24        0.989
     25        1.064
     26        1.294
     27        1.100
     28        1.534
     29        1.177

State 6 - Heavy atoms (mean = 1.234)
 Pair #          RMS
----------------------
      1        1.809
      2        1.483
      3        1.187
      4        1.737
      5        0.963
      6        0.962
      7        1.433
      8        1.443
      9        0.951
     10        1.016
     11        1.203
     12        1.031
     13        1.520
     14        1.162
     15        1.809
     16        1.483
     17        1.187
     18        1.737
     19        0.963
     20        0.000
     21        0.962
     22        1.433
     23        1.443
     24        0.951
     25        1.016
     26        1.203
     27        1.031
     28        1.520
     29        1.162
------------------------------------------------------------

State 7 - All atoms (mean = 1.217)
 Pair #          RMS
----------------------
      1        1.812
      2        1.268
      3        1.068
      4        1.611
      5        1.003
      6        1.033
      7        1.665
      8        1.332
      9        0.837
     10        1.099
     11        1.548
     12        1.039
     13        1.181
     14        1.146
     15        1.812
     16        1.268
     17        1.068
     18        1.611
     19        1.003
     20        1.033
     21        0.000
     22        1.665
     23        1.332
     24        0.837
     25        1.099
     26        1.548
     27        1.039
     28        1.181
     29        1.146

State 7 - Heavy atoms (mean = 1.161)
 Pair #          RMS
----------------------
      1        1.703
      2        1.230
      3        0.987
      4        1.586
      5        0.944
      6        0.962
      7        1.575
      8        1.315
      9        0.729
     10        1.071
     11        1.444
     12        1.011
     13        1.157
     14        1.120
     15        1.703
     16        1.230
     17        0.987
     18        1.586
     19        0.944
     20        0.962
     21        0.000
     22        1.575
     23        1.315
     24        0.729
     25        1.071
     26        1.444
     27        1.011
     28        1.157
     29        1.120
------------------------------------------------------------

State 8 - All atoms (mean = 1.470)
 Pair #          RMS
----------------------
      1        1.460
      2        1.619
      3        1.480
      4        2.004
      5        1.490
      6        1.506
      7        1.665
      8        1.340
      9        1.599
     10        1.505
     11        1.099
     12        1.338
     13        1.684
     14        1.524
     15        1.460
     16        1.619
     17        1.480
     18        2.004
     19        1.490
     20        1.506
     21        1.665
     22        0.000
     23        1.340
     24        1.599
     25        1.505
     26        1.099
     27        1.338
     28        1.684
     29        1.524

State 8 - Heavy atoms (mean = 1.389)
 Pair #          RMS
----------------------
      1        1.414
      2        1.525
      3        1.434
      4        1.936
      5        1.393
      6        1.433
      7        1.575
      8        1.202
      9        1.497
     10        1.407
     11        1.043
     12        1.210
     13        1.609
     14        1.458
     15        1.414
     16        1.525
     17        1.434
     18        1.936
     19        1.393
     20        1.433
     21        1.575
     22        0.000
     23        1.202
     24        1.497
     25        1.407
     26        1.043
     27        1.210
     28        1.609
     29        1.458
------------------------------------------------------------

State 9 - All atoms (mean = 1.342)
 Pair #          RMS
----------------------
      1        1.721
      2        1.318
      3        1.311
      4        1.831
      5        1.260
      6        1.480
      7        1.332
      8        1.340
      9        1.277
     10        1.323
     11        1.471
     12        1.083
     13        1.380
     14        1.329
     15        1.721
     16        1.318
     17        1.311
     18        1.831
     19        1.260
     20        1.480
     21        1.332
     22        1.340
     23        0.000
     24        1.277
     25        1.323
     26        1.471
     27        1.083
     28        1.380
     29        1.329

State 9 - Heavy atoms (mean = 1.300)
 Pair #          RMS
----------------------
      1        1.605
      2        1.297
      3        1.261
      4        1.786
      5        1.235
      6        1.443
      7        1.315
      8        1.202
      9        1.260
     10        1.312
     11        1.426
     12        1.048
     13        1.374
     14        1.292
     15        1.605
     16        1.297
     17        1.261
     18        1.786
     19        1.235
     20        1.443
     21        1.315
     22        1.202
     23        0.000
     24        1.260
     25        1.312
     26        1.426
     27        1.048
     28        1.374
     29        1.292
------------------------------------------------------------

State 10 - All atoms (mean = 1.205)
 Pair #          RMS
----------------------
      1        1.723
      2        1.204
      3        1.159
      4        1.659
      5        1.021
      6        0.989
      7        0.837
      8        1.599
      9        1.277
     10        1.058
     11        1.384
     12        1.060
     13        1.289
     14        1.212
     15        1.723
     16        1.204
     17        1.159
     18        1.659
     19        1.021
     20        0.989
     21        0.837
     22        1.599
     23        1.277
     24        0.000
     25        1.058
     26        1.384
     27        1.060
     28        1.289
     29        1.212

State 10 - Heavy atoms (mean = 1.154)
 Pair #          RMS
----------------------
      1        1.642
      2        1.174
      3        1.079
      4        1.642
      5        0.975
      6        0.951
      7        0.729
      8        1.497
      9        1.260
     10        1.018
     11        1.324
     12        1.000
     13        1.266
     14        1.172
     15        1.642
     16        1.174
     17        1.079
     18        1.642
     19        0.975
     20        0.951
     21        0.729
     22        1.497
     23        1.260
     24        0.000
     25        1.018
     26        1.324
     27        1.000
     28        1.266
     29        1.172
------------------------------------------------------------

State 11 - All atoms (mean = 1.295)
 Pair #          RMS
----------------------
      1        1.924
      2        1.497
      3        1.186
      4        1.979
      5        0.933
      6        1.064
      7        1.099
      8        1.505
      9        1.323
     10        1.058
     11        1.372
     12        0.918
     13        1.549
     14        1.372
     15        1.924
     16        1.497
     17        1.186
     18        1.979
     19        0.933
     20        1.064
     21        1.099
     22        1.505
     23        1.323
     24        1.058
     25        0.000
     26        1.372
     27        0.918
     28        1.549
     29        1.372

State 11 - Heavy atoms (mean = 1.253)
 Pair #          RMS
----------------------
      1        1.844
      2        1.491
      3        1.119
      4        1.958
      5        0.912
      6        1.016
      7        1.071
      8        1.407
      9        1.312
     10        1.018
     11        1.256
     12        0.873
     13        1.550
     14        1.346
     15        1.844
     16        1.491
     17        1.119
     18        1.958
     19        0.912
     20        1.016
     21        1.071
     22        1.407
     23        1.312
     24        1.018
     25        0.000
     26        1.256
     27        0.873
     28        1.550
     29        1.346
------------------------------------------------------------

State 12 - All atoms (mean = 1.368)
 Pair #          RMS
----------------------
      1        1.408
      2        1.514
      3        1.477
      4        1.877
      5        1.294
      6        1.294
      7        1.548
      8        1.099
      9        1.471
     10        1.384
     11        1.372
     12        1.224
     13        1.576
     14        1.291
     15        1.408
     16        1.514
     17        1.477
     18        1.877
     19        1.294
     20        1.294
     21        1.548
     22        1.099
     23        1.471
     24        1.384
     25        1.372
     26        0.000
     27        1.224
     28        1.576
     29        1.291

State 12 - Heavy atoms (mean = 1.302)
 Pair #          RMS
----------------------
      1        1.388
      2        1.458
      3        1.410
      4        1.836
      5        1.197
      6        1.203
      7        1.444
      8        1.043
      9        1.426
     10        1.324
     11        1.256
     12        1.128
     13        1.531
     14        1.242
     15        1.388
     16        1.458
     17        1.410
     18        1.836
     19        1.197
     20        1.203
     21        1.444
     22        1.043
     23        1.426
     24        1.324
     25        1.256
     26        0.000
     27        1.128
     28        1.531
     29        1.242
------------------------------------------------------------

State 13 - All atoms (mean = 1.165)
 Pair #          RMS
----------------------
      1        1.699
      2        1.258
      3        1.060
      4        1.724
      5        0.949
      6        1.100
      7        1.039
      8        1.338
      9        1.083
     10        1.060
     11        0.918
     12        1.224
     13        1.388
     14        1.048
     15        1.699
     16        1.258
     17        1.060
     18        1.724
     19        0.949
     20        1.100
     21        1.039
     22        1.338
     23        1.083
     24        1.060
     25        0.918
     26        1.224
     27        0.000
     28        1.388
     29        1.048

State 13 - Heavy atoms (mean = 1.113)
 Pair #          RMS
----------------------
      1        1.606
      2        1.225
      3        1.015
      4        1.678
      5        0.907
      6        1.031
      7        1.011
      8        1.210
      9        1.048
     10        1.000
     11        0.873
     12        1.128
     13        1.380
     14        1.024
     15        1.606
     16        1.225
     17        1.015
     18        1.678
     19        0.907
     20        1.031
     21        1.011
     22        1.210
     23        1.048
     24        1.000
     25        0.873
     26        1.128
     27        0.000
     28        1.380
     29        1.024
------------------------------------------------------------

State 14 - All atoms (mean = 1.341)
 Pair #          RMS
----------------------
      1        1.403
      2        1.133
      3        1.420
      4        1.351
      5        1.280
      6        1.534
      7        1.181
      8        1.684
      9        1.380
     10        1.289
     11        1.549
     12        1.576
     13        1.388
     14        1.272
     15        1.403
     16        1.133
     17        1.420
     18        1.351
     19        1.280
     20        1.534
     21        1.181
     22        1.684
     23        1.380
     24        1.289
     25        1.549
     26        1.576
     27        1.388
     28        0.000
     29        1.272

State 14 - Heavy atoms (mean = 1.307)
 Pair #          RMS
----------------------
      1        1.295
      2        1.091
      3        1.350
      4        1.314
      5        1.251
      6        1.520
      7        1.157
      8        1.609
      9        1.374
     10        1.266
     11        1.550
     12        1.531
     13        1.380
     14        1.265
     15        1.295
     16        1.091
     17        1.350
     18        1.314
     19        1.251
     20        1.520
     21        1.157
     22        1.609
     23        1.374
     24        1.266
     25        1.550
     26        1.531
     27        1.380
     28        0.000
     29        1.265
------------------------------------------------------------

State 15 - All atoms (mean = 1.247)
 Pair #          RMS
----------------------
      1        1.644
      2        1.274
      3        1.225
      4        1.418
      5        1.151
      6        1.177
      7        1.146
      8        1.524
      9        1.329
     10        1.212
     11        1.372
     12        1.291
     13        1.048
     14        1.272
     15        1.644
     16        1.274
     17        1.225
     18        1.418
     19        1.151
     20        1.177
     21        1.146
     22        1.524
     23        1.329
     24        1.212
     25        1.372
     26        1.291
     27        1.048
     28        1.272
     29        0.000

State 15 - Heavy atoms (mean = 1.215)
 Pair #          RMS
----------------------
      1        1.590
      2        1.236
      3        1.209
      4        1.388
      5        1.112
      6        1.162
      7        1.120
      8        1.458
      9        1.292
     10        1.172
     11        1.346
     12        1.242
     13        1.024
     14        1.265
     15        1.590
     16        1.236
     17        1.209
     18        1.388
     19        1.112
     20        1.162
     21        1.120
     22        1.458
     23        1.292
     24        1.172
     25        1.346
     26        1.242
     27        1.024
     28        1.265
     29        0.000
------------------------------------------------------------

State 16 - All atoms (mean = 1.593)
 Pair #          RMS
----------------------
      1        0.000
      2        1.450
      3        1.668
      4        1.574
      5        1.732
      6        1.882
      7        1.812
      8        1.460
      9        1.721
     10        1.723
     11        1.924
     12        1.408
     13        1.699
     14        1.403
     15        1.644
     16        1.450
     17        1.668
     18        1.574
     19        1.732
     20        1.882
     21        1.812
     22        1.460
     23        1.721
     24        1.723
     25        1.924
     26        1.408
     27        1.699
     28        1.403
     29        1.644

State 16 - Heavy atoms (mean = 1.511)
 Pair #          RMS
----------------------
      1        0.000
      2        1.316
      3        1.578
      4        1.487
      5        1.626
      6        1.809
      7        1.703
      8        1.414
      9        1.605
     10        1.642
     11        1.844
     12        1.388
     13        1.606
     14        1.295
     15        1.590
     16        1.316
     17        1.578
     18        1.487
     19        1.626
     20        1.809
     21        1.703
     22        1.414
     23        1.605
     24        1.642
     25        1.844
     26        1.388
     27        1.606
     28        1.295
     29        1.590
------------------------------------------------------------

State 17 - All atoms (mean = 1.313)
 Pair #          RMS
----------------------
      1        1.450
      2        0.000
      3        1.486
      4        1.209
      5        1.298
      6        1.515
      7        1.268
      8        1.619
      9        1.318
     10        1.204
     11        1.497
     12        1.514
     13        1.258
     14        1.133
     15        1.274
     16        1.450
     17        1.486
     18        1.209
     19        1.298
     20        1.515
     21        1.268
     22        1.619
     23        1.318
     24        1.204
     25        1.497
     26        1.514
     27        1.258
     28        1.133
     29        1.274

State 17 - Heavy atoms (mean = 1.267)
 Pair #          RMS
----------------------
      1        1.316
      2        0.000
      3        1.425
      4        1.171
      5        1.254
      6        1.483
      7        1.230
      8        1.525
      9        1.297
     10        1.174
     11        1.491
     12        1.458
     13        1.225
     14        1.091
     15        1.236
     16        1.316
     17        1.425
     18        1.171
     19        1.254
     20        1.483
     21        1.230
     22        1.525
     23        1.297
     24        1.174
     25        1.491
     26        1.458
     27        1.225
     28        1.091
     29        1.236
------------------------------------------------------------

State 18 - All atoms (mean = 1.293)
 Pair #          RMS
----------------------
      1        1.668
      2        1.486
      3        0.000
      4        1.801
      5        1.188
      6        1.227
      7        1.068
      8        1.480
      9        1.311
     10        1.159
     11        1.186
     12        1.477
     13        1.060
     14        1.420
     15        1.225
     16        1.668
     17        1.486
     18        1.801
     19        1.188
     20        1.227
     21        1.068
     22        1.480
     23        1.311
     24        1.159
     25        1.186
     26        1.477
     27        1.060
     28        1.420
     29        1.225

State 18 - Heavy atoms (mean = 1.237)
 Pair #          RMS
----------------------
      1        1.578
      2        1.425
      3        0.000
      4        1.763
      5        1.121
      6        1.187
      7        0.987
      8        1.434
      9        1.261
     10        1.079
     11        1.119
     12        1.410
     13        1.015
     14        1.350
     15        1.209
     16        1.578
     17        1.425
     18        1.763
     19        1.121
     20        1.187
     21        0.987
     22        1.434
     23        1.261
     24        1.079
     25        1.119
     26        1.410
     27        1.015
     28        1.350
     29        1.209
------------------------------------------------------------

State 19 - All atoms (mean = 1.622)
 Pair #          RMS
----------------------
      1        1.574
      2        1.209
      3        1.801
      4        0.000
      5        1.714
      6        1.772
      7        1.611
      8        2.004
      9        1.831
     10        1.659
     11        1.979
     12        1.877
     13        1.724
     14        1.351
     15        1.418
     16        1.574
     17        1.209
     18        1.801
     19        1.714
     20        1.772
     21        1.611
     22        2.004
     23        1.831
     24        1.659
     25        1.979
     26        1.877
     27        1.724
     28        1.351
     29        1.418

State 19 - Heavy atoms (mean = 1.583)
 Pair #          RMS
----------------------
      1        1.487
      2        1.171
      3        1.763
      4        0.000
      5        1.674
      6        1.737
      7        1.586
      8        1.936
      9        1.786
     10        1.642
     11        1.958
     12        1.836
     13        1.678
     14        1.314
     15        1.388
     16        1.487
     17        1.171
     18        1.763
     19        1.674
     20        1.737
     21        1.586
     22        1.936
     23        1.786
     24        1.642
     25        1.958
     26        1.836
     27        1.678
     28        1.314
     29        1.388
------------------------------------------------------------

State 20 - All atoms (mean = 1.193)
 Pair #          RMS
----------------------
      1        1.732
      2        1.298
      3        1.188
      4        1.714
      5        0.000
      6        0.983
      7        1.003
      8        1.490
      9        1.260
     10        1.021
     11        0.933
     12        1.294
     13        0.949
     14        1.280
     15        1.151
     16        1.732
     17        1.298
     18        1.188
     19        1.714
     20        0.983
     21        1.003
     22        1.490
     23        1.260
     24        1.021
     25        0.933
     26        1.294
     27        0.949
     28        1.280
     29        1.151

State 20 - Heavy atoms (mean = 1.142)
 Pair #          RMS
----------------------
      1        1.626
      2        1.254
      3        1.121
      4        1.674
      5        0.000
      6        0.963
      7        0.944
      8        1.393
      9        1.235
     10        0.975
     11        0.912
     12        1.197
     13        0.907
     14        1.251
     15        1.112
     16        1.626
     17        1.254
     18        1.121
     19        1.674
     20        0.963
     21        0.944
     22        1.393
     23        1.235
     24        0.975
     25        0.912
     26        1.197
     27        0.907
     28        1.251
     29        1.112
------------------------------------------------------------

State 21 - All atoms (mean = 1.280)
 Pair #          RMS
----------------------
      1        1.882
      2        1.515
      3        1.227
      4        1.772
      5        0.983
      6        0.000
      7        1.033
      8        1.506
      9        1.480
     10        0.989
     11        1.064
     12        1.294
     13        1.100
     14        1.534
     15        1.177
     16        1.882
     17        1.515
     18        1.227
     19        1.772
     20        0.983
     21        1.033
     22        1.506
     23        1.480
     24        0.989
     25        1.064
     26        1.294
     27        1.100
     28        1.534
     29        1.177

State 21 - Heavy atoms (mean = 1.234)
 Pair #          RMS
----------------------
      1        1.809
      2        1.483
      3        1.187
      4        1.737
      5        0.963
      6        0.000
      7        0.962
      8        1.433
      9        1.443
     10        0.951
     11        1.016
     12        1.203
     13        1.031
     14        1.520
     15        1.162
     16        1.809
     17        1.483
     18        1.187
     19        1.737
     20        0.963
     21        0.962
     22        1.433
     23        1.443
     24        0.951
     25        1.016
     26        1.203
     27        1.031
     28        1.520
     29        1.162
------------------------------------------------------------

State 22 - All atoms (mean = 1.217)
 Pair #          RMS
----------------------
      1        1.812
      2        1.268
      3        1.068
      4        1.611
      5        1.003
      6        1.033
      7        0.000
      8        1.665
      9        1.332
     10        0.837
     11        1.099
     12        1.548
     13        1.039
     14        1.181
     15        1.146
     16        1.812
     17        1.268
     18        1.068
     19        1.611
     20        1.003
     21        1.033
     22        1.665
     23        1.332
     24        0.837
     25        1.099
     26        1.548
     27        1.039
     28        1.181
     29        1.146

State 22 - Heavy atoms (mean = 1.161)
 Pair #          RMS
----------------------
      1        1.703
      2        1.230
      3        0.987
      4        1.586
      5        0.944
      6        0.962
      7        0.000
      8        1.575
      9        1.315
     10        0.729
     11        1.071
     12        1.444
     13        1.011
     14        1.157
     15        1.120
     16        1.703
     17        1.230
     18        0.987
     19        1.586
     20        0.944
     21        0.962
     22        1.575
     23        1.315
     24        0.729
     25        1.071
     26        1.444
     27        1.011
     28        1.157
     29        1.120
------------------------------------------------------------

State 23 - All atoms (mean = 1.470)
 Pair #          RMS
----------------------
      1        1.460
      2        1.619
      3        1.480
      4        2.004
      5        1.490
      6        1.506
      7        1.665
      8        0.000
      9        1.340
     10        1.599
     11        1.505
     12        1.099
     13        1.338
     14        1.684
     15        1.524
     16        1.460
     17        1.619
     18        1.480
     19        2.004
     20        1.490
     21        1.506
     22        1.665
     23        1.340
     24        1.599
     25        1.505
     26        1.099
     27        1.338
     28        1.684
     29        1.524

State 23 - Heavy atoms (mean = 1.389)
 Pair #          RMS
----------------------
      1        1.414
      2        1.525
      3        1.434
      4        1.936
      5        1.393
      6        1.433
      7        1.575
      8        0.000
      9        1.202
     10        1.497
     11        1.407
     12        1.043
     13        1.210
     14        1.609
     15        1.458
     16        1.414
     17        1.525
     18        1.434
     19        1.936
     20        1.393
     21        1.433
     22        1.575
     23        1.202
     24        1.497
     25        1.407
     26        1.043
     27        1.210
     28        1.609
     29        1.458
------------------------------------------------------------

State 24 - All atoms (mean = 1.342)
 Pair #          RMS
----------------------
      1        1.721
      2        1.318
      3        1.311
      4        1.831
      5        1.260
      6        1.480
      7        1.332
      8        1.340
      9        0.000
     10        1.277
     11        1.323
     12        1.471
     13        1.083
     14        1.380
     15        1.329
     16        1.721
     17        1.318
     18        1.311
     19        1.831
     20        1.260
     21        1.480
     22        1.332
     23        1.340
     24        1.277
     25        1.323
     26        1.471
     27        1.083
     28        1.380
     29        1.329

State 24 - Heavy atoms (mean = 1.300)
 Pair #          RMS
----------------------
      1        1.605
      2        1.297
      3        1.261
      4        1.786
      5        1.235
      6        1.443
      7        1.315
      8        1.202
      9        0.000
     10        1.260
     11        1.312
     12        1.426
     13        1.048
     14        1.374
     15        1.292
     16        1.605
     17        1.297
     18        1.261
     19        1.786
     20        1.235
     21        1.443
     22        1.315
     23        1.202
     24        1.260
     25        1.312
     26        1.426
     27        1.048
     28        1.374
     29        1.292
------------------------------------------------------------

State 25 - All atoms (mean = 1.205)
 Pair #          RMS
----------------------
      1        1.723
      2        1.204
      3        1.159
      4        1.659
      5        1.021
      6        0.989
      7        0.837
      8        1.599
      9        1.277
     10        0.000
     11        1.058
     12        1.384
     13        1.060
     14        1.289
     15        1.212
     16        1.723
     17        1.204
     18        1.159
     19        1.659
     20        1.021
     21        0.989
     22        0.837
     23        1.599
     24        1.277
     25        1.058
     26        1.384
     27        1.060
     28        1.289
     29        1.212

State 25 - Heavy atoms (mean = 1.154)
 Pair #          RMS
----------------------
      1        1.642
      2        1.174
      3        1.079
      4        1.642
      5        0.975
      6        0.951
      7        0.729
      8        1.497
      9        1.260
     10        0.000
     11        1.018
     12        1.324
     13        1.000
     14        1.266
     15        1.172
     16        1.642
     17        1.174
     18        1.079
     19        1.642
     20        0.975
     21        0.951
     22        0.729
     23        1.497
     24        1.260
     25        1.018
     26        1.324
     27        1.000
     28        1.266
     29        1.172
------------------------------------------------------------

State 26 - All atoms (mean = 1.295)
 Pair #          RMS
----------------------
      1        1.924
      2        1.497
      3        1.186
      4        1.979
      5        0.933
      6        1.064
      7        1.099
      8        1.505
      9        1.323
     10        1.058
     11        0.000
     12        1.372
     13        0.918
     14        1.549
     15        1.372
     16        1.924
     17        1.497
     18        1.186
     19        1.979
     20        0.933
     21        1.064
     22        1.099
     23        1.505
     24        1.323
     25        1.058
     26        1.372
     27        0.918
     28        1.549
     29        1.372

State 26 - Heavy atoms (mean = 1.253)
 Pair #          RMS
----------------------
      1        1.844
      2        1.491
      3        1.119
      4        1.958
      5        0.912
      6        1.016
      7        1.071
      8        1.407
      9        1.312
     10        1.018
     11        0.000
     12        1.256
     13        0.873
     14        1.550
     15        1.346
     16        1.844
     17        1.491
     18        1.119
     19        1.958
     20        0.912
     21        1.016
     22        1.071
     23        1.407
     24        1.312
     25        1.018
     26        1.256
     27        0.873
     28        1.550
     29        1.346
------------------------------------------------------------

State 27 - All atoms (mean = 1.368)
 Pair #          RMS
----------------------
      1        1.408
      2        1.514
      3        1.477
      4        1.877
      5        1.294
      6        1.294
      7        1.548
      8        1.099
      9        1.471
     10        1.384
     11        1.372
     12        0.000
     13        1.224
     14        1.576
     15        1.291
     16        1.408
     17        1.514
     18        1.477
     19        1.877
     20        1.294
     21        1.294
     22        1.548
     23        1.099
     24        1.471
     25        1.384
     26        1.372
     27        1.224
     28        1.576
     29        1.291

State 27 - Heavy atoms (mean = 1.302)
 Pair #          RMS
----------------------
      1        1.388
      2        1.458
      3        1.410
      4        1.836
      5        1.197
      6        1.203
      7        1.444
      8        1.043
      9        1.426
     10        1.324
     11        1.256
     12        0.000
     13        1.128
     14        1.531
     15        1.242
     16        1.388
     17        1.458
     18        1.410
     19        1.836
     20        1.197
     21        1.203
     22        1.444
     23        1.043
     24        1.426
     25        1.324
     26        1.256
     27        1.128
     28        1.531
     29        1.242
------------------------------------------------------------

State 28 - All atoms (mean = 1.165)
 Pair #          RMS
----------------------
      1        1.699
      2        1.258
      3        1.060
      4        1.724
      5        0.949
      6        1.100
      7        1.039
      8        1.338
      9        1.083
     10        1.060
     11        0.918
     12        1.224
     13        0.000
     14        1.388
     15        1.048
     16        1.699
     17        1.258
     18        1.060
     19        1.724
     20        0.949
     21        1.100
     22        1.039
     23        1.338
     24        1.083
     25        1.060
     26        0.918
     27        1.224
     28        1.388
     29        1.048

State 28 - Heavy atoms (mean = 1.113)
 Pair #          RMS
----------------------
      1        1.606
      2        1.225
      3        1.015
      4        1.678
      5        0.907
      6        1.031
      7        1.011
      8        1.210
      9        1.048
     10        1.000
     11        0.873
     12        1.128
     13        0.000
     14        1.380
     15        1.024
     16        1.606
     17        1.225
     18        1.015
     19        1.678
     20        0.907
     21        1.031
     22        1.011
     23        1.210
     24        1.048
     25        1.000
     26        0.873
     27        1.128
     28        1.380
     29        1.024
------------------------------------------------------------

State 29 - All atoms (mean = 1.341)
 Pair #          RMS
----------------------
      1        1.403
      2        1.133
      3        1.420
      4        1.351
      5        1.280
      6        1.534
      7        1.181
      8        1.684
      9        1.380
     10        1.289
     11        1.549
     12        1.576
     13        1.388
     14        0.000
     15        1.272
     16        1.403
     17        1.133
     18        1.420
     19        1.351
     20        1.280
     21        1.534
     22        1.181
     23        1.684
     24        1.380
     25        1.289
     26        1.549
     27        1.576
     28        1.388
     29        1.272

State 29 - Heavy atoms (mean = 1.307)
 Pair #          RMS
----------------------
      1        1.295
      2        1.091
      3        1.350
      4        1.314
      5        1.251
      6        1.520
      7        1.157
      8        1.609
      9        1.374
     10        1.266
     11        1.550
     12        1.531
     13        1.380
     14        0.000
     15        1.265
     16        1.295
     17        1.091
     18        1.350
     19        1.314
     20        1.251
     21        1.520
     22        1.157
     23        1.609
     24        1.374
     25        1.266
     26        1.550
     27        1.531
     28        1.380
     29        1.265
------------------------------------------------------------

State 30 - All atoms (mean = 1.247)
 Pair #          RMS
----------------------
      1        1.644
      2        1.274
      3        1.225
      4        1.418
      5        1.151
      6        1.177
      7        1.146
      8        1.524
      9        1.329
     10        1.212
     11        1.372
     12        1.291
     13        1.048
     14        1.272
     15        0.000
     16        1.644
     17        1.274
     18        1.225
     19        1.418
     20        1.151
     21        1.177
     22        1.146
     23        1.524
     24        1.329
     25        1.212
     26        1.372
     27        1.291
     28        1.048
     29        1.272

State 30 - Heavy atoms (mean = 1.215)
 Pair #          RMS
----------------------
      1        1.590
      2        1.236
      3        1.209
      4        1.388
      5        1.112
      6        1.162
      7        1.120
      8        1.458
      9        1.292
     10        1.172
     11        1.346
     12        1.242
     13        1.024
     14        1.265
     15        0.000
     16        1.590
     17        1.236
     18        1.209
     19        1.388
     20        1.112
     21        1.162
     22        1.120
     23        1.458
     24        1.292
     25        1.172
     26        1.346
     27        1.242
     28        1.024
     29        1.265
------------------------------------------------------------
========================================================

