
*****************************
* RMS Statistics Calculator *
*****************************

The level of detail in this report has been set to => 2 (full detail)

############ Data selection ############

xxxxxxxxxxxxxxxxxxxxxxxxxxxxxxxxxxxxxxxx
Resolved selection: (multi.min) and (resn LDP)
States inspected: 30
Atoms selected:
  All: 23
  Heavy (no H): 11
xxxxxxxxxxxxxxxxxxxxxxxxxxxxxxxxxxxxxxxx

########################################

======================== RMS Summary ========================
Mode              #atoms   #values       mean         sd
------------------------------------------------------------
All atoms             23       870      0.433      0.246
Heavy atoms           11       870      0.063      0.029
------------------------------------------------------------
Average RMS per state (showing NaN where unavailable):

All atoms:
State     Mean RMS     #pairs
----------------------------------
    1        0.531         29
    2        0.433         29
    3        0.389         29
    4        0.377         29
    5        0.455         29
    6        0.534         29
    7        0.403         29
    8        0.532         29
    9        0.387         29
   10        0.379         29
   11        0.437         29
   12        0.438         29
   13        0.376         29
   14        0.440         29
   15        0.387         29
   16        0.531         29
   17        0.433         29
   18        0.389         29
   19        0.377         29
   20        0.455         29
   21        0.534         29
   22        0.403         29
   23        0.532         29
   24        0.387         29
   25        0.379         29
   26        0.437         29
   27        0.438         29
   28        0.376         29
   29        0.440         29
   30        0.387         29

Heavy atoms (no H):
State     Mean RMS     #pairs
----------------------------------
    1        0.067         29
    2        0.060         29
    3        0.071         29
    4        0.062         29
    5        0.068         29
    6        0.063         29
    7        0.084         29
    8        0.051         29
    9        0.072         29
   10        0.055         29
   11        0.056         29
   12        0.067         29
   13        0.058         29
   14        0.050         29
   15        0.059         29
   16        0.067         29
   17        0.060         29
   18        0.071         29
   19        0.062         29
   20        0.068         29
   21        0.063         29
   22        0.084         29
   23        0.051         29
   24        0.072         29
   25        0.055         29
   26        0.056         29
   27        0.067         29
   28        0.058         29
   29        0.050         29
   30        0.059         29
------------------------------------------------------------
Detailed per-state individual pair RMS values:

State 1 - All atoms (mean = 0.531)
 Pair #          RMS
----------------------
      1        0.619
      2        0.642
      3        0.629
      4        0.570
      5        0.115
      6        0.619
      7        0.147
      8        0.637
      9        0.637
     10        0.611
     11        0.629
     12        0.628
     13        0.607
     14        0.608
     15        0.000
     16        0.619
     17        0.642
     18        0.629
     19        0.570
     20        0.115
     21        0.619
     22        0.147
     23        0.637
     24        0.637
     25        0.611
     26        0.629
     27        0.628
     28        0.607
     29        0.608

State 1 - Heavy atoms (mean = 0.067)
 Pair #          RMS
----------------------
      1        0.070
      2        0.046
      3        0.052
      4        0.040
      5        0.046
      6        0.129
      7        0.073
      8        0.012
      9        0.077
     10        0.091
     11        0.109
     12        0.053
     13        0.077
     14        0.097
     15        0.000
     16        0.070
     17        0.046
     18        0.052
     19        0.040
     20        0.046
     21        0.129
     22        0.073
     23        0.012
     24        0.076
     25        0.091
     26        0.109
     27        0.053
     28        0.077
     29        0.097
------------------------------------------------------------

State 2 - All atoms (mean = 0.433)
 Pair #          RMS
----------------------
      1        0.619
      2        0.565
      3        0.577
      4        0.103
      5        0.614
      6        0.611
      7        0.624
      8        0.563
      9        0.566
     10        0.080
     11        0.088
     12        0.578
     13        0.088
     14        0.604
     15        0.619
     16        0.000
     17        0.565
     18        0.577
     19        0.103
     20        0.614
     21        0.611
     22        0.624
     23        0.563
     24        0.566
     25        0.080
     26        0.088
     27        0.578
     28        0.088
     29        0.604

State 2 - Heavy atoms (mean = 0.060)
 Pair #          RMS
----------------------
      1        0.070
      2        0.075
      3        0.077
      4        0.045
      5        0.070
      6        0.087
      7        0.054
      8        0.074
      9        0.023
     10        0.052
     11        0.065
     12        0.072
     13        0.048
     14        0.060
     15        0.070
     16        0.000
     17        0.075
     18        0.077
     19        0.045
     20        0.070
     21        0.087
     22        0.054
     23        0.074
     24        0.023
     25        0.052
     26        0.065
     27        0.072
     28        0.048
     29        0.060
------------------------------------------------------------

State 3 - All atoms (mean = 0.389)
 Pair #          RMS
----------------------
      1        0.642
      2        0.565
      3        0.099
      4        0.611
      5        0.669
      6        0.199
      7        0.654
      8        0.109
      9        0.099
     10        0.591
     11        0.580
     12        0.096
     13        0.581
     14        0.144
     15        0.642
     16        0.565
     17        0.000
     18        0.099
     19        0.611
     20        0.669
     21        0.199
     22        0.654
     23        0.109
     24        0.099
     25        0.591
     26        0.580
     27        0.096
     28        0.581
     29        0.144

State 3 - Heavy atoms (mean = 0.071)
 Pair #          RMS
----------------------
      1        0.046
      2        0.075
      3        0.040
      4        0.057
      5        0.066
      6        0.133
      7        0.071
      8        0.046
      9        0.079
     10        0.094
     11        0.113
     12        0.042
     13        0.080
     14        0.092
     15        0.046
     16        0.075
     17        0.000
     18        0.040
     19        0.057
     20        0.066
     21        0.133
     22        0.071
     23        0.046
     24        0.079
     25        0.094
     26        0.113
     27        0.042
     28        0.080
     29        0.092
------------------------------------------------------------

State 4 - All atoms (mean = 0.377)
 Pair #          RMS
----------------------
      1        0.629
      2        0.577
      3        0.099
      4        0.624
      5        0.642
      6        0.149
      7        0.629
      8        0.089
      9        0.106
     10        0.597
     11        0.583
     12        0.037
     13        0.596
     14        0.108
     15        0.629
     16        0.577
     17        0.099
     18        0.000
     19        0.624
     20        0.642
     21        0.149
     22        0.629
     23        0.089
     24        0.106
     25        0.597
     26        0.583
     27        0.037
     28        0.596
     29        0.108

State 4 - Heavy atoms (mean = 0.062)
 Pair #          RMS
----------------------
      1        0.052
      2        0.077
      3        0.040
      4        0.072
      5        0.043
      6        0.110
      7        0.051
      8        0.056
      9        0.075
     10        0.076
     11        0.093
     12        0.012
     13        0.063
     14        0.073
     15        0.052
     16        0.077
     17        0.040
     18        0.000
     19        0.072
     20        0.043
     21        0.110
     22        0.051
     23        0.056
     24        0.075
     25        0.076
     26        0.093
     27        0.012
     28        0.063
     29        0.073
------------------------------------------------------------

State 5 - All atoms (mean = 0.455)
 Pair #          RMS
----------------------
      1        0.570
      2        0.103
      3        0.611
      4        0.624
      5        0.571
      6        0.658
      7        0.587
      8        0.608
      9        0.616
     10        0.120
     11        0.151
     12        0.623
     13        0.107
     14        0.650
     15        0.570
     16        0.103
     17        0.611
     18        0.624
     19        0.000
     20        0.571
     21        0.658
     22        0.587
     23        0.608
     24        0.616
     25        0.120
     26        0.151
     27        0.623
     28        0.107
     29        0.650

State 5 - Heavy atoms (mean = 0.068)
 Pair #          RMS
----------------------
      1        0.040
      2        0.045
      3        0.057
      4        0.072
      5        0.068
      6        0.121
      7        0.073
      8        0.044
      9        0.058
     10        0.083
     11        0.099
     12        0.069
     13        0.072
     14        0.091
     15        0.040
     16        0.045
     17        0.057
     18        0.072
     19        0.000
     20        0.068
     21        0.121
     22        0.073
     23        0.044
     24        0.058
     25        0.083
     26        0.099
     27        0.069
     28        0.072
     29        0.091
------------------------------------------------------------

State 6 - All atoms (mean = 0.534)
 Pair #          RMS
----------------------
      1        0.115
      2        0.614
      3        0.669
      4        0.642
      5        0.571
      6        0.626
      7        0.118
      8        0.654
      9        0.657
     10        0.599
     11        0.613
     12        0.643
     13        0.606
     14        0.623
     15        0.115
     16        0.614
     17        0.669
     18        0.642
     19        0.571
     20        0.000
     21        0.626
     22        0.118
     23        0.654
     24        0.657
     25        0.599
     26        0.613
     27        0.643
     28        0.606
     29        0.623

State 6 - Heavy atoms (mean = 0.063)
 Pair #          RMS
----------------------
      1        0.045
      2        0.070
      3        0.066
      4        0.043
      5        0.068
      6        0.102
      7        0.057
      8        0.049
      9        0.070
     10        0.069
     11        0.086
     12        0.044
     13        0.062
     14        0.076
     15        0.046
     16        0.070
     17        0.066
     18        0.043
     19        0.068
     20        0.000
     21        0.102
     22        0.057
     23        0.049
     24        0.070
     25        0.069
     26        0.086
     27        0.044
     28        0.062
     29        0.076
------------------------------------------------------------

State 7 - All atoms (mean = 0.403)
 Pair #          RMS
----------------------
      1        0.619
      2        0.611
      3        0.199
      4        0.149
      5        0.658
      6        0.626
      7        0.601
      8        0.186
      9        0.122
     10        0.622
     11        0.605
     12        0.142
     13        0.627
     14        0.074
     15        0.619
     16        0.611
     17        0.199
     18        0.149
     19        0.658
     20        0.626
     21        0.000
     22        0.601
     23        0.186
     24        0.122
     25        0.622
     26        0.605
     27        0.142
     28        0.627
     29        0.074

State 7 - Heavy atoms (mean = 0.084)
 Pair #          RMS
----------------------
      1        0.129
      2        0.087
      3        0.133
      4        0.110
      5        0.121
      6        0.102
      7        0.066
      8        0.136
      9        0.069
     10        0.041
     11        0.025
     12        0.104
     13        0.056
     14        0.045
     15        0.129
     16        0.087
     17        0.133
     18        0.110
     19        0.121
     20        0.102
     21        0.000
     22        0.066
     23        0.136
     24        0.069
     25        0.041
     26        0.025
     27        0.104
     28        0.056
     29        0.045
------------------------------------------------------------

State 8 - All atoms (mean = 0.532)
 Pair #          RMS
----------------------
      1        0.147
      2        0.624
      3        0.654
      4        0.629
      5        0.587
      6        0.118
      7        0.601
      8        0.647
      9        0.637
     10        0.609
     11        0.619
     12        0.628
     13        0.615
     14        0.597
     15        0.147
     16        0.624
     17        0.654
     18        0.629
     19        0.587
     20        0.118
     21        0.601
     22        0.000
     23        0.647
     24        0.637
     25        0.609
     26        0.619
     27        0.628
     28        0.615
     29        0.597

State 8 - Heavy atoms (mean = 0.051)
 Pair #          RMS
----------------------
      1        0.073
      2        0.054
      3        0.071
      4        0.051
      5        0.073
      6        0.057
      7        0.066
      8        0.081
      9        0.040
     10        0.034
     11        0.047
     12        0.044
     13        0.018
     14        0.031
     15        0.073
     16        0.054
     17        0.071
     18        0.051
     19        0.073
     20        0.057
     21        0.066
     22        0.000
     23        0.081
     24        0.040
     25        0.034
     26        0.047
     27        0.044
     28        0.018
     29        0.031
------------------------------------------------------------

State 9 - All atoms (mean = 0.387)
 Pair #          RMS
----------------------
      1        0.637
      2        0.563
      3        0.109
      4        0.089
      5        0.608
      6        0.654
      7        0.186
      8        0.647
      9        0.113
     10        0.589
     11        0.577
     12        0.098
     13        0.585
     14        0.160
     15        0.637
     16        0.563
     17        0.109
     18        0.089
     19        0.608
     20        0.654
     21        0.186
     22        0.647
     23        0.000
     24        0.113
     25        0.589
     26        0.577
     27        0.098
     28        0.585
     29        0.160

State 9 - Heavy atoms (mean = 0.072)
 Pair #          RMS
----------------------
      1        0.012
      2        0.074
      3        0.046
      4        0.056
      5        0.044
      6        0.049
      7        0.136
      8        0.081
      9        0.082
     10        0.098
     11        0.116
     12        0.059
     13        0.085
     14        0.103
     15        0.012
     16        0.074
     17        0.046
     18        0.056
     19        0.044
     20        0.049
     21        0.136
     22        0.081
     23        0.000
     24        0.082
     25        0.098
     26        0.116
     27        0.059
     28        0.085
     29        0.103
------------------------------------------------------------

State 10 - All atoms (mean = 0.379)
 Pair #          RMS
----------------------
      1        0.637
      2        0.566
      3        0.099
      4        0.106
      5        0.616
      6        0.657
      7        0.122
      8        0.637
      9        0.113
     10        0.589
     11        0.574
     12        0.098
     13        0.586
     14        0.091
     15        0.637
     16        0.566
     17        0.099
     18        0.106
     19        0.616
     20        0.657
     21        0.122
     22        0.637
     23        0.113
     24        0.000
     25        0.589
     26        0.574
     27        0.098
     28        0.586
     29        0.091

State 10 - Heavy atoms (mean = 0.055)
 Pair #          RMS
----------------------
      1        0.077
      2        0.023
      3        0.079
      4        0.075
      5        0.058
      6        0.070
      7        0.069
      8        0.040
      9        0.082
     10        0.034
     11        0.047
     12        0.068
     13        0.030
     14        0.042
     15        0.077
     16        0.023
     17        0.079
     18        0.075
     19        0.058
     20        0.070
     21        0.069
     22        0.040
     23        0.082
     24        0.000
     25        0.034
     26        0.047
     27        0.068
     28        0.030
     29        0.042
------------------------------------------------------------

State 11 - All atoms (mean = 0.437)
 Pair #          RMS
----------------------
      1        0.611
      2        0.080
      3        0.591
      4        0.597
      5        0.120
      6        0.599
      7        0.622
      8        0.609
      9        0.589
     10        0.589
     11        0.049
     12        0.597
     13        0.069
     14        0.619
     15        0.611
     16        0.080
     17        0.591
     18        0.597
     19        0.120
     20        0.599
     21        0.622
     22        0.609
     23        0.589
     24        0.589
     25        0.000
     26        0.049
     27        0.597
     28        0.069
     29        0.619

State 11 - Heavy atoms (mean = 0.056)
 Pair #          RMS
----------------------
      1        0.091
      2        0.052
      3        0.094
      4        0.076
      5        0.083
      6        0.069
      7        0.041
      8        0.034
      9        0.098
     10        0.034
     11        0.022
     12        0.069
     13        0.022
     14        0.022
     15        0.091
     16        0.052
     17        0.094
     18        0.076
     19        0.083
     20        0.069
     21        0.041
     22        0.034
     23        0.098
     24        0.034
     25        0.000
     26        0.022
     27        0.069
     28        0.022
     29        0.022
------------------------------------------------------------

State 12 - All atoms (mean = 0.438)
 Pair #          RMS
----------------------
      1        0.629
      2        0.088
      3        0.580
      4        0.583
      5        0.151
      6        0.613
      7        0.605
      8        0.619
      9        0.577
     10        0.574
     11        0.049
     12        0.583
     13        0.103
     14        0.604
     15        0.629
     16        0.088
     17        0.580
     18        0.583
     19        0.151
     20        0.613
     21        0.605
     22        0.619
     23        0.577
     24        0.574
     25        0.049
     26        0.000
     27        0.583
     28        0.103
     29        0.604

State 12 - Heavy atoms (mean = 0.067)
 Pair #          RMS
----------------------
      1        0.109
      2        0.065
      3        0.113
      4        0.093
      5        0.099
      6        0.086
      7        0.025
      8        0.047
      9        0.116
     10        0.047
     11        0.022
     12        0.086
     13        0.036
     14        0.028
     15        0.109
     16        0.065
     17        0.113
     18        0.093
     19        0.099
     20        0.086
     21        0.025
     22        0.047
     23        0.116
     24        0.047
     25        0.022
     26        0.000
     27        0.086
     28        0.036
     29        0.028
------------------------------------------------------------

State 13 - All atoms (mean = 0.376)
 Pair #          RMS
----------------------
      1        0.628
      2        0.578
      3        0.096
      4        0.037
      5        0.623
      6        0.643
      7        0.142
      8        0.628
      9        0.098
     10        0.098
     11        0.597
     12        0.583
     13        0.595
     14        0.103
     15        0.628
     16        0.578
     17        0.096
     18        0.037
     19        0.623
     20        0.643
     21        0.142
     22        0.628
     23        0.098
     24        0.098
     25        0.597
     26        0.583
     27        0.000
     28        0.595
     29        0.103

State 13 - Heavy atoms (mean = 0.058)
 Pair #          RMS
----------------------
      1        0.053
      2        0.072
      3        0.042
      4        0.012
      5        0.069
      6        0.044
      7        0.104
      8        0.044
      9        0.059
     10        0.068
     11        0.069
     12        0.086
     13        0.056
     14        0.066
     15        0.053
     16        0.072
     17        0.042
     18        0.012
     19        0.069
     20        0.044
     21        0.104
     22        0.044
     23        0.059
     24        0.068
     25        0.069
     26        0.086
     27        0.000
     28        0.056
     29        0.066
------------------------------------------------------------

State 14 - All atoms (mean = 0.440)
 Pair #          RMS
----------------------
      1        0.607
      2        0.088
      3        0.581
      4        0.596
      5        0.107
      6        0.606
      7        0.627
      8        0.615
      9        0.585
     10        0.586
     11        0.069
     12        0.103
     13        0.595
     14        0.619
     15        0.607
     16        0.088
     17        0.581
     18        0.596
     19        0.107
     20        0.606
     21        0.627
     22        0.615
     23        0.585
     24        0.586
     25        0.069
     26        0.103
     27        0.595
     28        0.000
     29        0.619

State 14 - Heavy atoms (mean = 0.050)
 Pair #          RMS
----------------------
      1        0.077
      2        0.048
      3        0.080
      4        0.063
      5        0.072
      6        0.062
      7        0.056
      8        0.018
      9        0.085
     10        0.030
     11        0.022
     12        0.036
     13        0.056
     14        0.025
     15        0.077
     16        0.048
     17        0.080
     18        0.063
     19        0.072
     20        0.062
     21        0.056
     22        0.018
     23        0.085
     24        0.030
     25        0.022
     26        0.036
     27        0.056
     28        0.000
     29        0.025
------------------------------------------------------------

State 15 - All atoms (mean = 0.387)
 Pair #          RMS
----------------------
      1        0.608
      2        0.604
      3        0.144
      4        0.108
      5        0.650
      6        0.623
      7        0.074
      8        0.597
      9        0.160
     10        0.091
     11        0.619
     12        0.604
     13        0.103
     14        0.619
     15        0.608
     16        0.604
     17        0.144
     18        0.108
     19        0.650
     20        0.623
     21        0.074
     22        0.597
     23        0.160
     24        0.091
     25        0.619
     26        0.604
     27        0.103
     28        0.619
     29        0.000

State 15 - Heavy atoms (mean = 0.059)
 Pair #          RMS
----------------------
      1        0.097
      2        0.060
      3        0.092
      4        0.073
      5        0.091
      6        0.076
      7        0.045
      8        0.031
      9        0.103
     10        0.042
     11        0.022
     12        0.028
     13        0.066
     14        0.025
     15        0.097
     16        0.060
     17        0.092
     18        0.073
     19        0.091
     20        0.076
     21        0.045
     22        0.031
     23        0.103
     24        0.042
     25        0.022
     26        0.028
     27        0.066
     28        0.025
     29        0.000
------------------------------------------------------------

State 16 - All atoms (mean = 0.531)
 Pair #          RMS
----------------------
      1        0.000
      2        0.619
      3        0.642
      4        0.629
      5        0.570
      6        0.115
      7        0.619
      8        0.147
      9        0.637
     10        0.637
     11        0.611
     12        0.629
     13        0.628
     14        0.607
     15        0.608
     16        0.619
     17        0.642
     18        0.629
     19        0.570
     20        0.115
     21        0.619
     22        0.147
     23        0.637
     24        0.637
     25        0.611
     26        0.629
     27        0.628
     28        0.607
     29        0.608

State 16 - Heavy atoms (mean = 0.067)
 Pair #          RMS
----------------------
      1        0.000
      2        0.070
      3        0.046
      4        0.052
      5        0.040
      6        0.046
      7        0.129
      8        0.073
      9        0.012
     10        0.077
     11        0.091
     12        0.109
     13        0.053
     14        0.077
     15        0.097
     16        0.070
     17        0.046
     18        0.052
     19        0.040
     20        0.046
     21        0.129
     22        0.073
     23        0.012
     24        0.077
     25        0.091
     26        0.109
     27        0.053
     28        0.077
     29        0.097
------------------------------------------------------------

State 17 - All atoms (mean = 0.433)
 Pair #          RMS
----------------------
      1        0.619
      2        0.000
      3        0.565
      4        0.577
      5        0.103
      6        0.614
      7        0.611
      8        0.624
      9        0.563
     10        0.566
     11        0.080
     12        0.088
     13        0.578
     14        0.088
     15        0.604
     16        0.619
     17        0.565
     18        0.577
     19        0.103
     20        0.614
     21        0.611
     22        0.624
     23        0.563
     24        0.566
     25        0.080
     26        0.088
     27        0.578
     28        0.088
     29        0.604

State 17 - Heavy atoms (mean = 0.060)
 Pair #          RMS
----------------------
      1        0.070
      2        0.000
      3        0.075
      4        0.077
      5        0.045
      6        0.070
      7        0.087
      8        0.054
      9        0.074
     10        0.023
     11        0.052
     12        0.065
     13        0.072
     14        0.048
     15        0.060
     16        0.070
     17        0.075
     18        0.077
     19        0.045
     20        0.070
     21        0.087
     22        0.054
     23        0.074
     24        0.023
     25        0.052
     26        0.065
     27        0.072
     28        0.048
     29        0.060
------------------------------------------------------------

State 18 - All atoms (mean = 0.389)
 Pair #          RMS
----------------------
      1        0.642
      2        0.565
      3        0.000
      4        0.099
      5        0.611
      6        0.669
      7        0.199
      8        0.654
      9        0.109
     10        0.099
     11        0.591
     12        0.580
     13        0.096
     14        0.581
     15        0.144
     16        0.642
     17        0.565
     18        0.099
     19        0.611
     20        0.669
     21        0.199
     22        0.654
     23        0.109
     24        0.099
     25        0.591
     26        0.580
     27        0.096
     28        0.581
     29        0.144

State 18 - Heavy atoms (mean = 0.071)
 Pair #          RMS
----------------------
      1        0.046
      2        0.075
      3        0.000
      4        0.040
      5        0.057
      6        0.066
      7        0.133
      8        0.071
      9        0.046
     10        0.079
     11        0.094
     12        0.113
     13        0.042
     14        0.080
     15        0.092
     16        0.046
     17        0.075
     18        0.040
     19        0.057
     20        0.066
     21        0.133
     22        0.071
     23        0.046
     24        0.079
     25        0.094
     26        0.113
     27        0.042
     28        0.080
     29        0.092
------------------------------------------------------------

State 19 - All atoms (mean = 0.377)
 Pair #          RMS
----------------------
      1        0.629
      2        0.577
      3        0.099
      4        0.000
      5        0.624
      6        0.642
      7        0.149
      8        0.629
      9        0.089
     10        0.106
     11        0.597
     12        0.583
     13        0.037
     14        0.596
     15        0.108
     16        0.629
     17        0.577
     18        0.099
     19        0.624
     20        0.642
     21        0.149
     22        0.629
     23        0.089
     24        0.106
     25        0.597
     26        0.583
     27        0.037
     28        0.596
     29        0.108

State 19 - Heavy atoms (mean = 0.062)
 Pair #          RMS
----------------------
      1        0.052
      2        0.077
      3        0.040
      4        0.000
      5        0.072
      6        0.043
      7        0.110
      8        0.051
      9        0.056
     10        0.075
     11        0.076
     12        0.093
     13        0.012
     14        0.063
     15        0.073
     16        0.052
     17        0.077
     18        0.040
     19        0.072
     20        0.043
     21        0.110
     22        0.051
     23        0.056
     24        0.075
     25        0.076
     26        0.093
     27        0.012
     28        0.063
     29        0.073
------------------------------------------------------------

State 20 - All atoms (mean = 0.455)
 Pair #          RMS
----------------------
      1        0.570
      2        0.103
      3        0.611
      4        0.624
      5        0.000
      6        0.571
      7        0.658
      8        0.587
      9        0.608
     10        0.616
     11        0.120
     12        0.151
     13        0.623
     14        0.107
     15        0.650
     16        0.570
     17        0.103
     18        0.611
     19        0.624
     20        0.571
     21        0.658
     22        0.587
     23        0.608
     24        0.616
     25        0.120
     26        0.151
     27        0.623
     28        0.107
     29        0.650

State 20 - Heavy atoms (mean = 0.068)
 Pair #          RMS
----------------------
      1        0.040
      2        0.045
      3        0.057
      4        0.072
      5        0.000
      6        0.068
      7        0.121
      8        0.073
      9        0.044
     10        0.058
     11        0.083
     12        0.099
     13        0.069
     14        0.072
     15        0.091
     16        0.040
     17        0.045
     18        0.057
     19        0.072
     20        0.068
     21        0.121
     22        0.073
     23        0.044
     24        0.058
     25        0.083
     26        0.099
     27        0.069
     28        0.072
     29        0.091
------------------------------------------------------------

State 21 - All atoms (mean = 0.534)
 Pair #          RMS
----------------------
      1        0.115
      2        0.614
      3        0.669
      4        0.642
      5        0.571
      6        0.000
      7        0.626
      8        0.118
      9        0.654
     10        0.657
     11        0.599
     12        0.613
     13        0.643
     14        0.606
     15        0.623
     16        0.115
     17        0.614
     18        0.669
     19        0.642
     20        0.571
     21        0.626
     22        0.118
     23        0.654
     24        0.657
     25        0.599
     26        0.613
     27        0.643
     28        0.606
     29        0.623

State 21 - Heavy atoms (mean = 0.063)
 Pair #          RMS
----------------------
      1        0.045
      2        0.070
      3        0.066
      4        0.043
      5        0.068
      6        0.000
      7        0.102
      8        0.057
      9        0.049
     10        0.070
     11        0.069
     12        0.086
     13        0.044
     14        0.062
     15        0.076
     16        0.046
     17        0.070
     18        0.066
     19        0.043
     20        0.068
     21        0.102
     22        0.057
     23        0.049
     24        0.070
     25        0.069
     26        0.086
     27        0.044
     28        0.062
     29        0.076
------------------------------------------------------------

State 22 - All atoms (mean = 0.403)
 Pair #          RMS
----------------------
      1        0.619
      2        0.611
      3        0.199
      4        0.149
      5        0.658
      6        0.626
      7        0.000
      8        0.601
      9        0.186
     10        0.122
     11        0.622
     12        0.605
     13        0.142
     14        0.627
     15        0.074
     16        0.619
     17        0.611
     18        0.199
     19        0.149
     20        0.658
     21        0.626
     22        0.601
     23        0.186
     24        0.122
     25        0.622
     26        0.605
     27        0.142
     28        0.627
     29        0.074

State 22 - Heavy atoms (mean = 0.084)
 Pair #          RMS
----------------------
      1        0.129
      2        0.087
      3        0.133
      4        0.110
      5        0.121
      6        0.102
      7        0.000
      8        0.066
      9        0.136
     10        0.069
     11        0.041
     12        0.025
     13        0.104
     14        0.056
     15        0.045
     16        0.129
     17        0.087
     18        0.133
     19        0.110
     20        0.121
     21        0.102
     22        0.066
     23        0.136
     24        0.069
     25        0.041
     26        0.025
     27        0.104
     28        0.056
     29        0.045
------------------------------------------------------------

State 23 - All atoms (mean = 0.532)
 Pair #          RMS
----------------------
      1        0.147
      2        0.624
      3        0.654
      4        0.629
      5        0.587
      6        0.118
      7        0.601
      8        0.000
      9        0.647
     10        0.637
     11        0.609
     12        0.619
     13        0.628
     14        0.615
     15        0.597
     16        0.147
     17        0.624
     18        0.654
     19        0.629
     20        0.587
     21        0.118
     22        0.601
     23        0.647
     24        0.637
     25        0.609
     26        0.619
     27        0.628
     28        0.615
     29        0.597

State 23 - Heavy atoms (mean = 0.051)
 Pair #          RMS
----------------------
      1        0.073
      2        0.054
      3        0.071
      4        0.051
      5        0.073
      6        0.057
      7        0.066
      8        0.000
      9        0.081
     10        0.040
     11        0.034
     12        0.047
     13        0.044
     14        0.018
     15        0.031
     16        0.073
     17        0.054
     18        0.071
     19        0.051
     20        0.073
     21        0.057
     22        0.066
     23        0.081
     24        0.040
     25        0.034
     26        0.047
     27        0.044
     28        0.018
     29        0.031
------------------------------------------------------------

State 24 - All atoms (mean = 0.387)
 Pair #          RMS
----------------------
      1        0.637
      2        0.563
      3        0.109
      4        0.089
      5        0.608
      6        0.654
      7        0.186
      8        0.647
      9        0.000
     10        0.113
     11        0.589
     12        0.577
     13        0.098
     14        0.585
     15        0.160
     16        0.637
     17        0.563
     18        0.109
     19        0.089
     20        0.608
     21        0.654
     22        0.186
     23        0.647
     24        0.113
     25        0.589
     26        0.577
     27        0.098
     28        0.585
     29        0.160

State 24 - Heavy atoms (mean = 0.072)
 Pair #          RMS
----------------------
      1        0.012
      2        0.074
      3        0.046
      4        0.056
      5        0.044
      6        0.049
      7        0.136
      8        0.081
      9        0.000
     10        0.082
     11        0.098
     12        0.116
     13        0.059
     14        0.085
     15        0.103
     16        0.012
     17        0.074
     18        0.046
     19        0.056
     20        0.044
     21        0.049
     22        0.136
     23        0.081
     24        0.082
     25        0.098
     26        0.116
     27        0.059
     28        0.085
     29        0.103
------------------------------------------------------------

State 25 - All atoms (mean = 0.379)
 Pair #          RMS
----------------------
      1        0.637
      2        0.566
      3        0.099
      4        0.106
      5        0.616
      6        0.657
      7        0.122
      8        0.637
      9        0.113
     10        0.000
     11        0.589
     12        0.574
     13        0.098
     14        0.586
     15        0.091
     16        0.637
     17        0.566
     18        0.099
     19        0.106
     20        0.616
     21        0.657
     22        0.122
     23        0.637
     24        0.113
     25        0.589
     26        0.574
     27        0.098
     28        0.586
     29        0.091

State 25 - Heavy atoms (mean = 0.055)
 Pair #          RMS
----------------------
      1        0.076
      2        0.023
      3        0.079
      4        0.075
      5        0.058
      6        0.070
      7        0.069
      8        0.040
      9        0.082
     10        0.000
     11        0.034
     12        0.047
     13        0.068
     14        0.030
     15        0.042
     16        0.077
     17        0.023
     18        0.079
     19        0.075
     20        0.058
     21        0.070
     22        0.069
     23        0.040
     24        0.082
     25        0.034
     26        0.047
     27        0.068
     28        0.030
     29        0.042
------------------------------------------------------------

State 26 - All atoms (mean = 0.437)
 Pair #          RMS
----------------------
      1        0.611
      2        0.080
      3        0.591
      4        0.597
      5        0.120
      6        0.599
      7        0.622
      8        0.609
      9        0.589
     10        0.589
     11        0.000
     12        0.049
     13        0.597
     14        0.069
     15        0.619
     16        0.611
     17        0.080
     18        0.591
     19        0.597
     20        0.120
     21        0.599
     22        0.622
     23        0.609
     24        0.589
     25        0.589
     26        0.049
     27        0.597
     28        0.069
     29        0.619

State 26 - Heavy atoms (mean = 0.056)
 Pair #          RMS
----------------------
      1        0.091
      2        0.052
      3        0.094
      4        0.076
      5        0.083
      6        0.069
      7        0.041
      8        0.034
      9        0.098
     10        0.034
     11        0.000
     12        0.022
     13        0.069
     14        0.022
     15        0.022
     16        0.091
     17        0.052
     18        0.094
     19        0.076
     20        0.083
     21        0.069
     22        0.041
     23        0.034
     24        0.098
     25        0.034
     26        0.022
     27        0.069
     28        0.022
     29        0.022
------------------------------------------------------------

State 27 - All atoms (mean = 0.438)
 Pair #          RMS
----------------------
      1        0.629
      2        0.088
      3        0.580
      4        0.583
      5        0.151
      6        0.613
      7        0.605
      8        0.619
      9        0.577
     10        0.574
     11        0.049
     12        0.000
     13        0.583
     14        0.103
     15        0.604
     16        0.629
     17        0.088
     18        0.580
     19        0.583
     20        0.151
     21        0.613
     22        0.605
     23        0.619
     24        0.577
     25        0.574
     26        0.049
     27        0.583
     28        0.103
     29        0.604

State 27 - Heavy atoms (mean = 0.067)
 Pair #          RMS
----------------------
      1        0.109
      2        0.065
      3        0.113
      4        0.093
      5        0.099
      6        0.086
      7        0.025
      8        0.047
      9        0.116
     10        0.047
     11        0.022
     12        0.000
     13        0.086
     14        0.036
     15        0.028
     16        0.109
     17        0.065
     18        0.113
     19        0.093
     20        0.099
     21        0.086
     22        0.025
     23        0.047
     24        0.116
     25        0.047
     26        0.022
     27        0.086
     28        0.036
     29        0.028
------------------------------------------------------------

State 28 - All atoms (mean = 0.376)
 Pair #          RMS
----------------------
      1        0.628
      2        0.578
      3        0.096
      4        0.037
      5        0.623
      6        0.643
      7        0.142
      8        0.628
      9        0.098
     10        0.098
     11        0.597
     12        0.583
     13        0.000
     14        0.595
     15        0.103
     16        0.628
     17        0.578
     18        0.096
     19        0.037
     20        0.623
     21        0.643
     22        0.142
     23        0.628
     24        0.098
     25        0.098
     26        0.597
     27        0.583
     28        0.595
     29        0.103

State 28 - Heavy atoms (mean = 0.058)
 Pair #          RMS
----------------------
      1        0.053
      2        0.072
      3        0.042
      4        0.012
      5        0.069
      6        0.044
      7        0.104
      8        0.044
      9        0.059
     10        0.068
     11        0.069
     12        0.086
     13        0.000
     14        0.056
     15        0.066
     16        0.053
     17        0.072
     18        0.042
     19        0.012
     20        0.069
     21        0.044
     22        0.104
     23        0.044
     24        0.059
     25        0.068
     26        0.069
     27        0.086
     28        0.056
     29        0.066
------------------------------------------------------------

State 29 - All atoms (mean = 0.440)
 Pair #          RMS
----------------------
      1        0.607
      2        0.088
      3        0.581
      4        0.596
      5        0.107
      6        0.606
      7        0.627
      8        0.615
      9        0.585
     10        0.586
     11        0.069
     12        0.103
     13        0.595
     14        0.000
     15        0.619
     16        0.607
     17        0.088
     18        0.581
     19        0.596
     20        0.107
     21        0.606
     22        0.627
     23        0.615
     24        0.585
     25        0.586
     26        0.069
     27        0.103
     28        0.595
     29        0.619

State 29 - Heavy atoms (mean = 0.050)
 Pair #          RMS
----------------------
      1        0.077
      2        0.048
      3        0.080
      4        0.063
      5        0.072
      6        0.062
      7        0.056
      8        0.018
      9        0.085
     10        0.030
     11        0.022
     12        0.036
     13        0.056
     14        0.000
     15        0.025
     16        0.077
     17        0.048
     18        0.080
     19        0.063
     20        0.072
     21        0.062
     22        0.056
     23        0.018
     24        0.085
     25        0.030
     26        0.022
     27        0.036
     28        0.056
     29        0.025
------------------------------------------------------------

State 30 - All atoms (mean = 0.387)
 Pair #          RMS
----------------------
      1        0.608
      2        0.604
      3        0.144
      4        0.108
      5        0.650
      6        0.623
      7        0.074
      8        0.597
      9        0.160
     10        0.091
     11        0.619
     12        0.604
     13        0.103
     14        0.619
     15        0.000
     16        0.608
     17        0.604
     18        0.144
     19        0.108
     20        0.650
     21        0.623
     22        0.074
     23        0.597
     24        0.160
     25        0.091
     26        0.619
     27        0.604
     28        0.103
     29        0.619

State 30 - Heavy atoms (mean = 0.059)
 Pair #          RMS
----------------------
      1        0.097
      2        0.060
      3        0.092
      4        0.073
      5        0.091
      6        0.076
      7        0.045
      8        0.031
      9        0.103
     10        0.042
     11        0.022
     12        0.028
     13        0.066
     14        0.025
     15        0.000
     16        0.097
     17        0.060
     18        0.092
     19        0.073
     20        0.091
     21        0.076
     22        0.045
     23        0.031
     24        0.103
     25        0.042
     26        0.022
     27        0.028
     28        0.066
     29        0.025
------------------------------------------------------------
========================================================

