
*****************************
* RMS Statistics Calculator *
*****************************

The level of detail in this report has been set to => 2 (full detail)

############ Data selection ############

xxxxxxxxxxxxxxxxxxxxxxxxxxxxxxxxxxxxxxxx
Resolved selection: (multi.min) and (backbone and not resn LDP)
States inspected: 30
Atoms selected:
  All: 485
  Heavy (no H): 294
xxxxxxxxxxxxxxxxxxxxxxxxxxxxxxxxxxxxxxxx

########################################

======================== RMS Summary ========================
Mode              #atoms   #values       mean         sd
------------------------------------------------------------
All atoms            485       870      1.334      0.348
Heavy atoms          294       870      1.310      0.322
------------------------------------------------------------
Average RMS per state (showing NaN where unavailable):

All atoms:
State     Mean RMS     #pairs
----------------------------------
    1        1.630         29
    2        1.295         29
    3        1.366         29
    4        1.378         29
    5        1.224         29
    6        1.298         29
    7        1.250         29
    8        1.514         29
    9        1.349         29
   10        1.230         29
   11        1.263         29
   12        1.421         29
   13        1.174         29
   14        1.314         29
   15        1.299         29
   16        1.630         29
   17        1.295         29
   18        1.366         29
   19        1.378         29
   20        1.224         29
   21        1.298         29
   22        1.250         29
   23        1.514         29
   24        1.349         29
   25        1.230         29
   26        1.263         29
   27        1.421         29
   28        1.174         29
   29        1.314         29
   30        1.299         29

Heavy atoms (no H):
State     Mean RMS     #pairs
----------------------------------
    1        1.539         29
    2        1.265         29
    3        1.350         29
    4        1.362         29
    5        1.201         29
    6        1.280         29
    7        1.227         29
    8        1.439         29
    9        1.349         29
   10        1.233         29
   11        1.252         29
   12        1.373         29
   13        1.156         29
   14        1.308         29
   15        1.319         29
   16        1.539         29
   17        1.265         29
   18        1.350         29
   19        1.362         29
   20        1.201         29
   21        1.280         29
   22        1.227         29
   23        1.439         29
   24        1.349         29
   25        1.233         29
   26        1.252         29
   27        1.373         29
   28        1.156         29
   29        1.308         29
   30        1.319         29
------------------------------------------------------------
Detailed per-state individual pair RMS values:

State 1 - All atoms (mean = 1.630)
 Pair #          RMS
----------------------
      1        1.654
      2        1.768
      3        1.595
      4        1.763
      5        1.839
      6        1.980
      7        1.292
      8        1.744
      9        1.793
     10        1.875
     11        1.212
     12        1.706
     13        1.633
     14        1.786
     15        0.000
     16        1.654
     17        1.768
     18        1.595
     19        1.763
     20        1.839
     21        1.980
     22        1.292
     23        1.744
     24        1.793
     25        1.875
     26        1.212
     27        1.706
     28        1.633
     29        1.786

State 1 - Heavy atoms (mean = 1.539)
 Pair #          RMS
----------------------
      1        1.536
      2        1.671
      3        1.528
      4        1.605
      5        1.726
      6        1.850
      7        1.258
      8        1.616
      9        1.717
     10        1.763
     11        1.211
     12        1.571
     13        1.532
     14        1.736
     15        0.000
     16        1.536
     17        1.671
     18        1.528
     19        1.605
     20        1.726
     21        1.850
     22        1.258
     23        1.616
     24        1.717
     25        1.763
     26        1.211
     27        1.571
     28        1.532
     29        1.736
------------------------------------------------------------

State 2 - All atoms (mean = 1.295)
 Pair #          RMS
----------------------
      1        1.654
      2        1.546
      3        1.164
      4        1.256
      5        1.477
      6        1.244
      7        1.567
      8        1.133
      9        1.179
     10        1.319
     11        1.547
     12        1.158
     13        1.169
     14        1.365
     15        1.654
     16        0.000
     17        1.546
     18        1.164
     19        1.256
     20        1.477
     21        1.244
     22        1.567
     23        1.133
     24        1.179
     25        1.319
     26        1.547
     27        1.158
     28        1.169
     29        1.365

State 2 - Heavy atoms (mean = 1.265)
 Pair #          RMS
----------------------
      1        1.536
      2        1.513
      3        1.210
      4        1.193
      5        1.442
      6        1.241
      7        1.426
      8        1.142
      9        1.166
     10        1.301
     11        1.467
     12        1.122
     13        1.207
     14        1.377
     15        1.536
     16        0.000
     17        1.513
     18        1.210
     19        1.193
     20        1.442
     21        1.241
     22        1.426
     23        1.142
     24        1.166
     25        1.301
     26        1.467
     27        1.122
     28        1.207
     29        1.377
------------------------------------------------------------

State 3 - All atoms (mean = 1.366)
 Pair #          RMS
----------------------
      1        1.768
      2        1.546
      3        1.629
      4        1.274
      5        1.282
      6        1.180
      7        1.648
      8        1.468
      9        1.227
     10        1.256
     11        1.589
     12        1.159
     13        1.460
     14        1.321
     15        1.768
     16        1.546
     17        0.000
     18        1.629
     19        1.274
     20        1.282
     21        1.180
     22        1.648
     23        1.468
     24        1.227
     25        1.256
     26        1.589
     27        1.159
     28        1.460
     29        1.321

State 3 - Heavy atoms (mean = 1.350)
 Pair #          RMS
----------------------
      1        1.671
      2        1.513
      3        1.616
      4        1.261
      5        1.302
      6        1.121
      7        1.638
      8        1.475
      9        1.216
     10        1.246
     11        1.549
     12        1.178
     13        1.405
     14        1.381
     15        1.671
     16        1.513
     17        0.000
     18        1.616
     19        1.261
     20        1.302
     21        1.121
     22        1.638
     23        1.475
     24        1.216
     25        1.246
     26        1.549
     27        1.178
     28        1.405
     29        1.381
------------------------------------------------------------

State 4 - All atoms (mean = 1.378)
 Pair #          RMS
----------------------
      1        1.595
      2        1.164
      3        1.629
      4        1.400
      5        1.450
      6        1.445
      7        1.658
      8        1.296
      9        1.431
     10        1.619
     11        1.586
     12        1.324
     13        1.187
     14        1.197
     15        1.595
     16        1.164
     17        1.629
     18        0.000
     19        1.400
     20        1.450
     21        1.445
     22        1.658
     23        1.296
     24        1.431
     25        1.619
     26        1.586
     27        1.324
     28        1.187
     29        1.197

State 4 - Heavy atoms (mean = 1.362)
 Pair #          RMS
----------------------
      1        1.528
      2        1.210
      3        1.616
      4        1.337
      5        1.424
      6        1.443
      7        1.555
      8        1.276
      9        1.486
     10        1.615
     11        1.560
     12        1.267
     13        1.231
     14        1.206
     15        1.528
     16        1.210
     17        1.616
     18        0.000
     19        1.337
     20        1.424
     21        1.443
     22        1.555
     23        1.276
     24        1.486
     25        1.615
     26        1.560
     27        1.267
     28        1.231
     29        1.206
------------------------------------------------------------

State 5 - All atoms (mean = 1.224)
 Pair #          RMS
----------------------
      1        1.763
      2        1.256
      3        1.274
      4        1.400
      5        1.060
      6        1.018
      7        1.640
      8        1.378
      9        1.069
     10        0.942
     11        1.472
     12        1.059
     13        1.177
     14        1.245
     15        1.763
     16        1.256
     17        1.274
     18        1.400
     19        0.000
     20        1.060
     21        1.018
     22        1.640
     23        1.378
     24        1.069
     25        0.942
     26        1.472
     27        1.059
     28        1.177
     29        1.245

State 5 - Heavy atoms (mean = 1.201)
 Pair #          RMS
----------------------
      1        1.605
      2        1.193
      3        1.261
      4        1.337
      5        1.089
      6        1.001
      7        1.543
      8        1.406
      9        1.102
     10        0.984
     11        1.394
     12        1.091
     13        1.141
     14        1.264
     15        1.605
     16        1.193
     17        1.261
     18        1.337
     19        0.000
     20        1.089
     21        1.001
     22        1.543
     23        1.406
     24        1.102
     25        0.984
     26        1.394
     27        1.091
     28        1.141
     29        1.264
------------------------------------------------------------

State 6 - All atoms (mean = 1.298)
 Pair #          RMS
----------------------
      1        1.839
      2        1.477
      3        1.282
      4        1.450
      5        1.060
      6        1.057
      7        1.625
      8        1.579
      9        1.074
     10        1.118
     11        1.415
     12        1.184
     13        1.442
     14        1.222
     15        1.839
     16        1.477
     17        1.282
     18        1.450
     19        1.060
     20        0.000
     21        1.057
     22        1.625
     23        1.579
     24        1.074
     25        1.118
     26        1.415
     27        1.184
     28        1.442
     29        1.222

State 6 - Heavy atoms (mean = 1.280)
 Pair #          RMS
----------------------
      1        1.726
      2        1.442
      3        1.302
      4        1.424
      5        1.089
      6        1.024
      7        1.543
      8        1.575
      9        1.105
     10        1.119
     11        1.336
     12        1.174
     13        1.423
     14        1.278
     15        1.726
     16        1.442
     17        1.302
     18        1.424
     19        1.089
     20        0.000
     21        1.024
     22        1.543
     23        1.575
     24        1.105
     25        1.119
     26        1.336
     27        1.174
     28        1.423
     29        1.278
------------------------------------------------------------

State 7 - All atoms (mean = 1.250)
 Pair #          RMS
----------------------
      1        1.980
      2        1.244
      3        1.180
      4        1.445
      5        1.018
      6        1.057
      7        1.829
      8        1.374
      9        0.852
     10        0.936
     11        1.691
     12        1.064
     13        1.172
     14        1.281
     15        1.980
     16        1.244
     17        1.180
     18        1.445
     19        1.018
     20        1.057
     21        0.000
     22        1.829
     23        1.374
     24        0.852
     25        0.936
     26        1.691
     27        1.064
     28        1.172
     29        1.281

State 7 - Heavy atoms (mean = 1.227)
 Pair #          RMS
----------------------
      1        1.850
      2        1.241
      3        1.121
      4        1.443
      5        1.001
      6        1.024
      7        1.724
      8        1.432
      9        0.840
     10        0.943
     11        1.586
     12        1.088
     13        1.175
     14        1.315
     15        1.850
     16        1.241
     17        1.121
     18        1.443
     19        1.001
     20        1.024
     21        0.000
     22        1.724
     23        1.432
     24        0.840
     25        0.943
     26        1.586
     27        1.088
     28        1.175
     29        1.315
------------------------------------------------------------

State 8 - All atoms (mean = 1.514)
 Pair #          RMS
----------------------
      1        1.292
      2        1.567
      3        1.648
      4        1.658
      5        1.640
      6        1.625
      7        1.829
      8        1.487
      9        1.715
     10        1.669
     11        1.088
     12        1.413
     13        1.750
     14        1.571
     15        1.292
     16        1.567
     17        1.648
     18        1.658
     19        1.640
     20        1.625
     21        1.829
     22        0.000
     23        1.487
     24        1.715
     25        1.669
     26        1.088
     27        1.413
     28        1.750
     29        1.571

State 8 - Heavy atoms (mean = 1.439)
 Pair #          RMS
----------------------
      1        1.258
      2        1.426
      3        1.638
      4        1.555
      5        1.543
      6        1.543
      7        1.724
      8        1.355
      9        1.630
     10        1.578
     11        1.118
     12        1.290
     13        1.668
     14        1.539
     15        1.258
     16        1.426
     17        1.638
     18        1.555
     19        1.543
     20        1.543
     21        1.724
     22        0.000
     23        1.355
     24        1.630
     25        1.578
     26        1.118
     27        1.290
     28        1.668
     29        1.539
------------------------------------------------------------

State 9 - All atoms (mean = 1.349)
 Pair #          RMS
----------------------
      1        1.744
      2        1.133
      3        1.468
      4        1.296
      5        1.378
      6        1.579
      7        1.374
      8        1.487
      9        1.333
     10        1.401
     11        1.619
     12        1.099
     13        1.330
     14        1.317
     15        1.744
     16        1.133
     17        1.468
     18        1.296
     19        1.378
     20        1.579
     21        1.374
     22        1.487
     23        0.000
     24        1.333
     25        1.401
     26        1.619
     27        1.099
     28        1.330
     29        1.317

State 9 - Heavy atoms (mean = 1.349)
 Pair #          RMS
----------------------
      1        1.616
      2        1.142
      3        1.475
      4        1.276
      5        1.406
      6        1.575
      7        1.432
      8        1.355
      9        1.376
     10        1.470
     11        1.588
     12        1.118
     13        1.401
     14        1.334
     15        1.616
     16        1.142
     17        1.475
     18        1.276
     19        1.406
     20        1.575
     21        1.432
     22        1.355
     23        0.000
     24        1.376
     25        1.470
     26        1.588
     27        1.118
     28        1.401
     29        1.334
------------------------------------------------------------

State 10 - All atoms (mean = 1.230)
 Pair #          RMS
----------------------
      1        1.793
      2        1.179
      3        1.227
      4        1.431
      5        1.069
      6        1.074
      7        0.852
      8        1.715
      9        1.333
     10        0.973
     11        1.529
     12        1.111
     13        1.247
     14        1.305
     15        1.793
     16        1.179
     17        1.227
     18        1.431
     19        1.069
     20        1.074
     21        0.852
     22        1.715
     23        1.333
     24        0.000
     25        0.973
     26        1.529
     27        1.111
     28        1.247
     29        1.305

State 10 - Heavy atoms (mean = 1.233)
 Pair #          RMS
----------------------
      1        1.717
      2        1.166
      3        1.216
      4        1.486
      5        1.102
      6        1.105
      7        0.840
      8        1.630
      9        1.376
     10        0.983
     11        1.496
     12        1.114
     13        1.298
     14        1.350
     15        1.717
     16        1.166
     17        1.216
     18        1.486
     19        1.102
     20        1.105
     21        0.840
     22        1.630
     23        1.376
     24        0.000
     25        0.983
     26        1.496
     27        1.114
     28        1.298
     29        1.350
------------------------------------------------------------

State 11 - All atoms (mean = 1.263)
 Pair #          RMS
----------------------
      1        1.875
      2        1.319
      3        1.256
      4        1.619
      5        0.942
      6        1.118
      7        0.936
      8        1.669
      9        1.401
     10        0.973
     11        1.532
     12        0.942
     13        1.325
     14        1.404
     15        1.875
     16        1.319
     17        1.256
     18        1.619
     19        0.942
     20        1.118
     21        0.936
     22        1.669
     23        1.401
     24        0.973
     25        0.000
     26        1.532
     27        0.942
     28        1.325
     29        1.404

State 11 - Heavy atoms (mean = 1.252)
 Pair #          RMS
----------------------
      1        1.763
      2        1.301
      3        1.246
      4        1.615
      5        0.984
      6        1.119
      7        0.943
      8        1.578
      9        1.470
     10        0.983
     11        1.423
     12        0.951
     13        1.339
     14        1.446
     15        1.763
     16        1.301
     17        1.246
     18        1.615
     19        0.984
     20        1.119
     21        0.943
     22        1.578
     23        1.470
     24        0.983
     25        0.000
     26        1.423
     27        0.951
     28        1.339
     29        1.446
------------------------------------------------------------

State 12 - All atoms (mean = 1.421)
 Pair #          RMS
----------------------
      1        1.212
      2        1.547
      3        1.589
      4        1.586
      5        1.472
      6        1.415
      7        1.691
      8        1.088
      9        1.619
     10        1.529
     11        1.532
     12        1.385
     13        1.550
     14        1.385
     15        1.212
     16        1.547
     17        1.589
     18        1.586
     19        1.472
     20        1.415
     21        1.691
     22        1.088
     23        1.619
     24        1.529
     25        1.532
     26        0.000
     27        1.385
     28        1.550
     29        1.385

State 12 - Heavy atoms (mean = 1.373)
 Pair #          RMS
----------------------
      1        1.211
      2        1.467
      3        1.549
      4        1.560
      5        1.394
      6        1.336
      7        1.586
      8        1.118
      9        1.588
     10        1.496
     11        1.423
     12        1.313
     13        1.488
     14        1.377
     15        1.211
     16        1.467
     17        1.549
     18        1.560
     19        1.394
     20        1.336
     21        1.586
     22        1.118
     23        1.588
     24        1.496
     25        1.423
     26        0.000
     27        1.313
     28        1.488
     29        1.377
------------------------------------------------------------

State 13 - All atoms (mean = 1.174)
 Pair #          RMS
----------------------
      1        1.706
      2        1.158
      3        1.159
      4        1.324
      5        1.059
      6        1.184
      7        1.064
      8        1.413
      9        1.099
     10        1.111
     11        0.942
     12        1.385
     13        1.293
     14        1.118
     15        1.706
     16        1.158
     17        1.159
     18        1.324
     19        1.059
     20        1.184
     21        1.064
     22        1.413
     23        1.099
     24        1.111
     25        0.942
     26        1.385
     27        0.000
     28        1.293
     29        1.118

State 13 - Heavy atoms (mean = 1.156)
 Pair #          RMS
----------------------
      1        1.571
      2        1.122
      3        1.178
      4        1.267
      5        1.091
      6        1.174
      7        1.088
      8        1.290
      9        1.118
     10        1.114
     11        0.951
     12        1.313
     13        1.305
     14        1.177
     15        1.571
     16        1.122
     17        1.178
     18        1.267
     19        1.091
     20        1.174
     21        1.088
     22        1.290
     23        1.118
     24        1.114
     25        0.951
     26        1.313
     27        0.000
     28        1.305
     29        1.177
------------------------------------------------------------

State 14 - All atoms (mean = 1.314)
 Pair #          RMS
----------------------
      1        1.633
      2        1.169
      3        1.460
      4        1.187
      5        1.177
      6        1.442
      7        1.172
      8        1.750
      9        1.330
     10        1.247
     11        1.325
     12        1.550
     13        1.293
     14        1.322
     15        1.633
     16        1.169
     17        1.460
     18        1.187
     19        1.177
     20        1.442
     21        1.172
     22        1.750
     23        1.330
     24        1.247
     25        1.325
     26        1.550
     27        1.293
     28        0.000
     29        1.322

State 14 - Heavy atoms (mean = 1.308)
 Pair #          RMS
----------------------
      1        1.532
      2        1.207
      3        1.405
      4        1.231
      5        1.141
      6        1.423
      7        1.175
      8        1.668
      9        1.401
     10        1.298
     11        1.339
     12        1.488
     13        1.305
     14        1.349
     15        1.532
     16        1.207
     17        1.405
     18        1.231
     19        1.141
     20        1.423
     21        1.175
     22        1.668
     23        1.401
     24        1.298
     25        1.339
     26        1.488
     27        1.305
     28        0.000
     29        1.349
------------------------------------------------------------

State 15 - All atoms (mean = 1.299)
 Pair #          RMS
----------------------
      1        1.786
      2        1.365
      3        1.321
      4        1.197
      5        1.245
      6        1.222
      7        1.281
      8        1.571
      9        1.317
     10        1.305
     11        1.404
     12        1.385
     13        1.118
     14        1.322
     15        1.786
     16        1.365
     17        1.321
     18        1.197
     19        1.245
     20        1.222
     21        1.281
     22        1.571
     23        1.317
     24        1.305
     25        1.404
     26        1.385
     27        1.118
     28        1.322
     29        0.000

State 15 - Heavy atoms (mean = 1.319)
 Pair #          RMS
----------------------
      1        1.736
      2        1.377
      3        1.381
      4        1.206
      5        1.264
      6        1.278
      7        1.315
      8        1.539
      9        1.334
     10        1.350
     11        1.446
     12        1.377
     13        1.177
     14        1.349
     15        1.736
     16        1.377
     17        1.381
     18        1.206
     19        1.264
     20        1.278
     21        1.315
     22        1.539
     23        1.334
     24        1.350
     25        1.446
     26        1.377
     27        1.177
     28        1.349
     29        0.000
------------------------------------------------------------

State 16 - All atoms (mean = 1.630)
 Pair #          RMS
----------------------
      1        0.000
      2        1.654
      3        1.768
      4        1.595
      5        1.763
      6        1.839
      7        1.980
      8        1.292
      9        1.744
     10        1.793
     11        1.875
     12        1.212
     13        1.706
     14        1.633
     15        1.786
     16        1.654
     17        1.768
     18        1.595
     19        1.763
     20        1.839
     21        1.980
     22        1.292
     23        1.744
     24        1.793
     25        1.875
     26        1.212
     27        1.706
     28        1.633
     29        1.786

State 16 - Heavy atoms (mean = 1.539)
 Pair #          RMS
----------------------
      1        0.000
      2        1.536
      3        1.671
      4        1.528
      5        1.605
      6        1.726
      7        1.850
      8        1.258
      9        1.616
     10        1.717
     11        1.763
     12        1.211
     13        1.571
     14        1.532
     15        1.736
     16        1.536
     17        1.671
     18        1.528
     19        1.605
     20        1.726
     21        1.850
     22        1.258
     23        1.616
     24        1.717
     25        1.763
     26        1.211
     27        1.571
     28        1.532
     29        1.736
------------------------------------------------------------

State 17 - All atoms (mean = 1.295)
 Pair #          RMS
----------------------
      1        1.654
      2        0.000
      3        1.546
      4        1.164
      5        1.256
      6        1.477
      7        1.244
      8        1.567
      9        1.133
     10        1.179
     11        1.319
     12        1.547
     13        1.158
     14        1.169
     15        1.365
     16        1.654
     17        1.546
     18        1.164
     19        1.256
     20        1.477
     21        1.244
     22        1.567
     23        1.133
     24        1.179
     25        1.319
     26        1.547
     27        1.158
     28        1.169
     29        1.365

State 17 - Heavy atoms (mean = 1.265)
 Pair #          RMS
----------------------
      1        1.536
      2        0.000
      3        1.513
      4        1.210
      5        1.193
      6        1.442
      7        1.241
      8        1.426
      9        1.142
     10        1.166
     11        1.301
     12        1.467
     13        1.122
     14        1.207
     15        1.377
     16        1.536
     17        1.513
     18        1.210
     19        1.193
     20        1.442
     21        1.241
     22        1.426
     23        1.142
     24        1.166
     25        1.301
     26        1.467
     27        1.122
     28        1.207
     29        1.377
------------------------------------------------------------

State 18 - All atoms (mean = 1.366)
 Pair #          RMS
----------------------
      1        1.768
      2        1.546
      3        0.000
      4        1.629
      5        1.274
      6        1.282
      7        1.180
      8        1.648
      9        1.468
     10        1.227
     11        1.256
     12        1.589
     13        1.159
     14        1.460
     15        1.321
     16        1.768
     17        1.546
     18        1.629
     19        1.274
     20        1.282
     21        1.180
     22        1.648
     23        1.468
     24        1.227
     25        1.256
     26        1.589
     27        1.159
     28        1.460
     29        1.321

State 18 - Heavy atoms (mean = 1.350)
 Pair #          RMS
----------------------
      1        1.671
      2        1.513
      3        0.000
      4        1.616
      5        1.261
      6        1.302
      7        1.121
      8        1.638
      9        1.475
     10        1.216
     11        1.246
     12        1.549
     13        1.178
     14        1.405
     15        1.381
     16        1.671
     17        1.513
     18        1.616
     19        1.261
     20        1.302
     21        1.121
     22        1.638
     23        1.475
     24        1.216
     25        1.246
     26        1.549
     27        1.178
     28        1.405
     29        1.381
------------------------------------------------------------

State 19 - All atoms (mean = 1.378)
 Pair #          RMS
----------------------
      1        1.595
      2        1.164
      3        1.629
      4        0.000
      5        1.400
      6        1.450
      7        1.445
      8        1.658
      9        1.296
     10        1.431
     11        1.619
     12        1.586
     13        1.324
     14        1.187
     15        1.197
     16        1.595
     17        1.164
     18        1.629
     19        1.400
     20        1.450
     21        1.445
     22        1.658
     23        1.296
     24        1.431
     25        1.619
     26        1.586
     27        1.324
     28        1.187
     29        1.197

State 19 - Heavy atoms (mean = 1.362)
 Pair #          RMS
----------------------
      1        1.528
      2        1.210
      3        1.616
      4        0.000
      5        1.337
      6        1.424
      7        1.443
      8        1.555
      9        1.276
     10        1.486
     11        1.615
     12        1.560
     13        1.267
     14        1.231
     15        1.206
     16        1.528
     17        1.210
     18        1.616
     19        1.337
     20        1.424
     21        1.443
     22        1.555
     23        1.276
     24        1.486
     25        1.615
     26        1.560
     27        1.267
     28        1.231
     29        1.206
------------------------------------------------------------

State 20 - All atoms (mean = 1.224)
 Pair #          RMS
----------------------
      1        1.763
      2        1.256
      3        1.274
      4        1.400
      5        0.000
      6        1.060
      7        1.018
      8        1.640
      9        1.378
     10        1.069
     11        0.942
     12        1.472
     13        1.059
     14        1.177
     15        1.245
     16        1.763
     17        1.256
     18        1.274
     19        1.400
     20        1.060
     21        1.018
     22        1.640
     23        1.378
     24        1.069
     25        0.942
     26        1.472
     27        1.059
     28        1.177
     29        1.245

State 20 - Heavy atoms (mean = 1.201)
 Pair #          RMS
----------------------
      1        1.605
      2        1.193
      3        1.261
      4        1.337
      5        0.000
      6        1.089
      7        1.001
      8        1.543
      9        1.406
     10        1.102
     11        0.984
     12        1.394
     13        1.091
     14        1.141
     15        1.264
     16        1.605
     17        1.193
     18        1.261
     19        1.337
     20        1.089
     21        1.001
     22        1.543
     23        1.406
     24        1.102
     25        0.984
     26        1.394
     27        1.091
     28        1.141
     29        1.264
------------------------------------------------------------

State 21 - All atoms (mean = 1.298)
 Pair #          RMS
----------------------
      1        1.839
      2        1.477
      3        1.282
      4        1.450
      5        1.060
      6        0.000
      7        1.057
      8        1.625
      9        1.579
     10        1.074
     11        1.118
     12        1.415
     13        1.184
     14        1.442
     15        1.222
     16        1.839
     17        1.477
     18        1.282
     19        1.450
     20        1.060
     21        1.057
     22        1.625
     23        1.579
     24        1.074
     25        1.118
     26        1.415
     27        1.184
     28        1.442
     29        1.222

State 21 - Heavy atoms (mean = 1.280)
 Pair #          RMS
----------------------
      1        1.726
      2        1.442
      3        1.302
      4        1.424
      5        1.089
      6        0.000
      7        1.024
      8        1.543
      9        1.575
     10        1.105
     11        1.119
     12        1.336
     13        1.174
     14        1.423
     15        1.278
     16        1.726
     17        1.442
     18        1.302
     19        1.424
     20        1.089
     21        1.024
     22        1.543
     23        1.575
     24        1.105
     25        1.119
     26        1.336
     27        1.174
     28        1.423
     29        1.278
------------------------------------------------------------

State 22 - All atoms (mean = 1.250)
 Pair #          RMS
----------------------
      1        1.980
      2        1.244
      3        1.180
      4        1.445
      5        1.018
      6        1.057
      7        0.000
      8        1.829
      9        1.374
     10        0.852
     11        0.936
     12        1.691
     13        1.064
     14        1.172
     15        1.281
     16        1.980
     17        1.244
     18        1.180
     19        1.445
     20        1.018
     21        1.057
     22        1.829
     23        1.374
     24        0.852
     25        0.936
     26        1.691
     27        1.064
     28        1.172
     29        1.281

State 22 - Heavy atoms (mean = 1.227)
 Pair #          RMS
----------------------
      1        1.850
      2        1.241
      3        1.121
      4        1.443
      5        1.001
      6        1.024
      7        0.000
      8        1.724
      9        1.432
     10        0.840
     11        0.943
     12        1.586
     13        1.088
     14        1.175
     15        1.315
     16        1.850
     17        1.241
     18        1.121
     19        1.443
     20        1.001
     21        1.024
     22        1.724
     23        1.432
     24        0.840
     25        0.943
     26        1.586
     27        1.088
     28        1.175
     29        1.315
------------------------------------------------------------

State 23 - All atoms (mean = 1.514)
 Pair #          RMS
----------------------
      1        1.292
      2        1.567
      3        1.648
      4        1.658
      5        1.640
      6        1.625
      7        1.829
      8        0.000
      9        1.487
     10        1.715
     11        1.669
     12        1.088
     13        1.413
     14        1.750
     15        1.571
     16        1.292
     17        1.567
     18        1.648
     19        1.658
     20        1.640
     21        1.625
     22        1.829
     23        1.487
     24        1.715
     25        1.669
     26        1.088
     27        1.413
     28        1.750
     29        1.571

State 23 - Heavy atoms (mean = 1.439)
 Pair #          RMS
----------------------
      1        1.258
      2        1.426
      3        1.638
      4        1.555
      5        1.543
      6        1.543
      7        1.724
      8        0.000
      9        1.355
     10        1.630
     11        1.578
     12        1.118
     13        1.290
     14        1.668
     15        1.539
     16        1.258
     17        1.426
     18        1.638
     19        1.555
     20        1.543
     21        1.543
     22        1.724
     23        1.355
     24        1.630
     25        1.578
     26        1.118
     27        1.290
     28        1.668
     29        1.539
------------------------------------------------------------

State 24 - All atoms (mean = 1.349)
 Pair #          RMS
----------------------
      1        1.744
      2        1.133
      3        1.468
      4        1.296
      5        1.378
      6        1.579
      7        1.374
      8        1.487
      9        0.000
     10        1.333
     11        1.401
     12        1.619
     13        1.099
     14        1.330
     15        1.317
     16        1.744
     17        1.133
     18        1.468
     19        1.296
     20        1.378
     21        1.579
     22        1.374
     23        1.487
     24        1.333
     25        1.401
     26        1.619
     27        1.099
     28        1.330
     29        1.317

State 24 - Heavy atoms (mean = 1.349)
 Pair #          RMS
----------------------
      1        1.616
      2        1.142
      3        1.475
      4        1.276
      5        1.406
      6        1.575
      7        1.432
      8        1.355
      9        0.000
     10        1.376
     11        1.470
     12        1.588
     13        1.118
     14        1.401
     15        1.334
     16        1.616
     17        1.142
     18        1.475
     19        1.276
     20        1.406
     21        1.575
     22        1.432
     23        1.355
     24        1.376
     25        1.470
     26        1.588
     27        1.118
     28        1.401
     29        1.334
------------------------------------------------------------

State 25 - All atoms (mean = 1.230)
 Pair #          RMS
----------------------
      1        1.793
      2        1.179
      3        1.227
      4        1.431
      5        1.069
      6        1.074
      7        0.852
      8        1.715
      9        1.333
     10        0.000
     11        0.973
     12        1.529
     13        1.111
     14        1.247
     15        1.305
     16        1.793
     17        1.179
     18        1.227
     19        1.431
     20        1.069
     21        1.074
     22        0.852
     23        1.715
     24        1.333
     25        0.973
     26        1.529
     27        1.111
     28        1.247
     29        1.305

State 25 - Heavy atoms (mean = 1.233)
 Pair #          RMS
----------------------
      1        1.717
      2        1.166
      3        1.216
      4        1.486
      5        1.102
      6        1.105
      7        0.840
      8        1.630
      9        1.376
     10        0.000
     11        0.983
     12        1.496
     13        1.114
     14        1.298
     15        1.350
     16        1.717
     17        1.166
     18        1.216
     19        1.486
     20        1.102
     21        1.105
     22        0.840
     23        1.630
     24        1.376
     25        0.983
     26        1.496
     27        1.114
     28        1.298
     29        1.350
------------------------------------------------------------

State 26 - All atoms (mean = 1.263)
 Pair #          RMS
----------------------
      1        1.875
      2        1.319
      3        1.256
      4        1.619
      5        0.942
      6        1.118
      7        0.936
      8        1.669
      9        1.401
     10        0.973
     11        0.000
     12        1.532
     13        0.942
     14        1.325
     15        1.404
     16        1.875
     17        1.319
     18        1.256
     19        1.619
     20        0.942
     21        1.118
     22        0.936
     23        1.669
     24        1.401
     25        0.973
     26        1.532
     27        0.942
     28        1.325
     29        1.404

State 26 - Heavy atoms (mean = 1.252)
 Pair #          RMS
----------------------
      1        1.763
      2        1.301
      3        1.246
      4        1.615
      5        0.984
      6        1.119
      7        0.943
      8        1.578
      9        1.470
     10        0.983
     11        0.000
     12        1.423
     13        0.951
     14        1.339
     15        1.446
     16        1.763
     17        1.301
     18        1.246
     19        1.615
     20        0.984
     21        1.119
     22        0.943
     23        1.578
     24        1.470
     25        0.983
     26        1.423
     27        0.951
     28        1.339
     29        1.446
------------------------------------------------------------

State 27 - All atoms (mean = 1.421)
 Pair #          RMS
----------------------
      1        1.212
      2        1.547
      3        1.589
      4        1.586
      5        1.472
      6        1.415
      7        1.691
      8        1.088
      9        1.619
     10        1.529
     11        1.532
     12        0.000
     13        1.385
     14        1.550
     15        1.385
     16        1.212
     17        1.547
     18        1.589
     19        1.586
     20        1.472
     21        1.415
     22        1.691
     23        1.088
     24        1.619
     25        1.529
     26        1.532
     27        1.385
     28        1.550
     29        1.385

State 27 - Heavy atoms (mean = 1.373)
 Pair #          RMS
----------------------
      1        1.211
      2        1.467
      3        1.549
      4        1.560
      5        1.394
      6        1.336
      7        1.586
      8        1.118
      9        1.588
     10        1.496
     11        1.423
     12        0.000
     13        1.313
     14        1.488
     15        1.377
     16        1.211
     17        1.467
     18        1.549
     19        1.560
     20        1.394
     21        1.336
     22        1.586
     23        1.118
     24        1.588
     25        1.496
     26        1.423
     27        1.313
     28        1.488
     29        1.377
------------------------------------------------------------

State 28 - All atoms (mean = 1.174)
 Pair #          RMS
----------------------
      1        1.706
      2        1.158
      3        1.159
      4        1.324
      5        1.059
      6        1.184
      7        1.064
      8        1.413
      9        1.099
     10        1.111
     11        0.942
     12        1.385
     13        0.000
     14        1.293
     15        1.118
     16        1.706
     17        1.158
     18        1.159
     19        1.324
     20        1.059
     21        1.184
     22        1.064
     23        1.413
     24        1.099
     25        1.111
     26        0.942
     27        1.385
     28        1.293
     29        1.118

State 28 - Heavy atoms (mean = 1.156)
 Pair #          RMS
----------------------
      1        1.571
      2        1.122
      3        1.178
      4        1.267
      5        1.091
      6        1.174
      7        1.088
      8        1.290
      9        1.118
     10        1.114
     11        0.951
     12        1.313
     13        0.000
     14        1.305
     15        1.177
     16        1.571
     17        1.122
     18        1.178
     19        1.267
     20        1.091
     21        1.174
     22        1.088
     23        1.290
     24        1.118
     25        1.114
     26        0.951
     27        1.313
     28        1.305
     29        1.177
------------------------------------------------------------

State 29 - All atoms (mean = 1.314)
 Pair #          RMS
----------------------
      1        1.633
      2        1.169
      3        1.460
      4        1.187
      5        1.177
      6        1.442
      7        1.172
      8        1.750
      9        1.330
     10        1.247
     11        1.325
     12        1.550
     13        1.293
     14        0.000
     15        1.322
     16        1.633
     17        1.169
     18        1.460
     19        1.187
     20        1.177
     21        1.442
     22        1.172
     23        1.750
     24        1.330
     25        1.247
     26        1.325
     27        1.550
     28        1.293
     29        1.322

State 29 - Heavy atoms (mean = 1.308)
 Pair #          RMS
----------------------
      1        1.532
      2        1.207
      3        1.405
      4        1.231
      5        1.141
      6        1.423
      7        1.175
      8        1.668
      9        1.401
     10        1.298
     11        1.339
     12        1.488
     13        1.305
     14        0.000
     15        1.349
     16        1.532
     17        1.207
     18        1.405
     19        1.231
     20        1.141
     21        1.423
     22        1.175
     23        1.668
     24        1.401
     25        1.298
     26        1.339
     27        1.488
     28        1.305
     29        1.349
------------------------------------------------------------

State 30 - All atoms (mean = 1.299)
 Pair #          RMS
----------------------
      1        1.786
      2        1.365
      3        1.321
      4        1.197
      5        1.245
      6        1.222
      7        1.281
      8        1.571
      9        1.317
     10        1.305
     11        1.404
     12        1.385
     13        1.118
     14        1.322
     15        0.000
     16        1.786
     17        1.365
     18        1.321
     19        1.197
     20        1.245
     21        1.222
     22        1.281
     23        1.571
     24        1.317
     25        1.305
     26        1.404
     27        1.385
     28        1.118
     29        1.322

State 30 - Heavy atoms (mean = 1.319)
 Pair #          RMS
----------------------
      1        1.736
      2        1.377
      3        1.381
      4        1.206
      5        1.264
      6        1.278
      7        1.315
      8        1.539
      9        1.334
     10        1.350
     11        1.446
     12        1.377
     13        1.177
     14        1.349
     15        0.000
     16        1.736
     17        1.377
     18        1.381
     19        1.206
     20        1.264
     21        1.278
     22        1.315
     23        1.539
     24        1.334
     25        1.350
     26        1.446
     27        1.377
     28        1.177
     29        1.349
------------------------------------------------------------
========================================================

